# 2.1. prepare segmentation model.
# 2.2. segment images.
# 2.2. segment images. - test
# 3. get graphs
# 4. get similarity
1.0
0.8255345370905413
0.7444846323961406
0.8133586665699797
0.7778202154108893
0.785248610405622
0.7670369304728962
0.7725637514266318
0.707438144780624
0.7115837934095772
0.7397109147508706
0.7278230746061
0.7377660191905492
0.7550673711002026
0.7738499419642157
0.795713541546334
0.7747182533245537
0.7482305050941263
0.7725625453377286
0.7379532152311906
0.7412909713532139
0.7371447443170348
0.7517733010804519
0.7230835314074302
0.7471684518990572
0.7581742294856646
0.7403441266696862
0.7624154689212601
0.7440390820376551
0.7652477389959627
0.7677495812431274
0.760316887805198
0.7796888580691913
0.7663552979324549
0.7729022122741873
0.7572781666609082
0.7581534179985548
0.7704410728188207
0.7515952981470143
0.75209156122295
0.7551215924460358
0.7482409256675568
0.7570910821776788
0.736945002094728
0.7775727922936146
0.7713621622587205
0.7808301997989275
0.7748550634367238
0.7797374061006411
0.7714023693928783
0.7736392204979834
0.7643255583563937
0.7759212450497578
0.782288776315228
0.7515100750087234
0.7488593340679656
0.7571000356757047
0.7568408317676345
0.746943210999177
0.7360565815298943
0.7266187486383384
W342 W342
0.8122843653799074
1.0
0.7444933685656946
0.8233064916216818
0.7790593782910766
0.783887839895496
0.7692526898881131
0.7680753857446178
0.7017246032037547
0.7071130129051026
0.7462557605680415
0.7221830757623893
0.7416958322729427
0.7534664418323229
0.7679818145964141
0.7880790940775503
0.7716849717571208
0.7539610650449494
0.7639373587551023
0.7375557305493918
0.7475475258747799
0.7491088414146041
0.7539813255162132
0.7316457221013837
0.7549721434509868
0.7616385669271565
0.7508164982686297
0.7659238062373048
0.750537379871146
0.7615130980776343
0.7633452770724896
0.7650579273521465
0.7818098688766394
0.7618635313376779
0.772086919374023
0.7646130802305874
0.766554395108227
0.7657515715649724
0.7547571037566329
0.7570037440351567
0.7527367598522156
0.7472468645326714
0.7566504116552837
0.7446748102316644
0.7729705412294745
0.7687617783251083
0.772101733706525
0.7669957036499563
0.7776100238693898
0.776635127226603
0.7713270971325159
0.7660952294976775
0.7700210538813003
0.7764092379660836
0.7531236299536401
0.7540361186245159
0.7634176528672421
0.7440957266270236
0.7478479681652049
0.7300535086840018
0.7347261245191644
W342 W342
0.7480618632442853
0.7483224488969885
1.0
0.7362450277776678
0.7411191635638121
0.7168481853240867
0.7263585296610326
0.7426274341167715
0.7167677920943483
0.7301726880678253
0.6977584332379945
0.7041592446165431
0.69723602173658
0.6791336265540543
0.703170745630723
0.7208756392810162
0.7092557738692613
0.7314290676849797
0.7465495699848269
0.6684434125230506
0.683173988738754
0.7039275256828027
0.7301547029177036
0.6569113481619647
0.6705854337409122
0.666974994882811
0.6872230730022305
0.6711287633129028
0.7195983321014633
0.7079048458433196
0.7052548447519783
0.672217497062421
0.714152867181931
0.6937019070191048
0.6960060816416642
0.7089878502734375
0.7155605062941803
0.7083385954726675
0.6893074643789594
0.6756591862107456
0.7392895415402709
0.7313166305054598
0.7219555133460172
0.7534283591855278
0.742246678919216
0.7268323794048862
0.7150408812023623
0.71554106635981
0.7181412062210264
0.7109536752079453
0.7199038937584672
0.7363857733644048
0.7114547602439278
0.7057294082702602
0.728040947708598
0.7097218399966044
0.743560125864386
0.6974733562914365
0.6839344601619266
0.6641132069594602
0.6305290310937627
W342 W342
0.8194752281258325
0.8152030729246323
0.7243941458373973
1.0
0.7813381305421219
0.78294352029471
0.7633023105799644
0.7612546356829072
0.6984092624400852
0.7009823151073507
0.7349748652697021
0.7213752451982411
0.7297778961578023
0.7396126841283136
0.7656968759570792
0.7810294951363681
0.7862136161865041
0.745502524717721
0.7546718688945527
0.7116350049345777
0.7464393214327184
0.7314485012526202
0.7471445125180783
0.708249308595657
0.7552534476866145
0.7653191176453111
0.7496763885167572
0.7547463294940401
0.7380355665509127
0.750051304599811
0.7683031822460893
0.757738728621759
0.7734282638183358
0.754268298260646
0.775831632269083
0.7505280941449293
0.7519558433451531
0.7587195479075295
0.7386205633646165
0.7539774763327738
0.7411254575323987
0.7370984246000873
0.7403105890500878
0.7168318380920149
0.751987306813268
0.7651928914606766
0.7787938105439721
0.7787560056969658
0.7714737899508551
0.7666243163819494
0.7561129816414442
0.7504974769186002
0.7697460845991125
0.768891627018635
0.7361897426439865
0.7386388088690959
0.7491512619870992
0.7495425558314063
0.7499798921179898
0.7294630672704567
0.7290048799941392
W342 W342
0.7897128410518507
0.7819761713434691
0.7202562524164249
0.7869127663278824
1.0
0.885689603775703
0.7838355569481843
0.8600242515841608
0.7731263040532365
0.7723100763518794
0.7260578772818712
0.7216979651040004
0.7188708438731606
0.7386699906825549
0.7684473362239339
0.791415001305894
0.7705369368886009
0.7207541723786918
0.7448751722882894
0.7177087708665834
0.7304008671755194
0.7597814640529058
0.7736745938527341
0.7023968556787887
0.7086982223669792
0.712021753072158
0.7191390543771833
0.7206727569056918
0.7395792231806828
0.7274141504738333
0.7636189918362263
0.7342136080191253
0.7803003907336338
0.7485614886348848
0.7549119288981336
0.7508990348423006
0.7182438807023096
0.7453368834938293
0.7279117383297912
0.7399235704583771
0.729950697616734
0.727638586738047
0.7279460904904619
0.7374068610104062
0.7683410638241904
0.7838228270141434
0.7714579600117746
0.775183362998237
0.7685023973845871
0.7746402520576796
0.769227682851124
0.7662592857500122
0.7609030403900013
0.7665411883821033
0.7120277350578044
0.7383443347190681
0.7409027737716878
0.7612306004214412
0.7563750495676858
0.7295479777315552
0.6968289381200525
P1090 P1090
0.7896259654394098
0.7815734387446278
0.7105307815649253
0.7913428535663117
0.8766014259083833
1.0
0.7851190806895275
0.8390994338603662
0.7591021669730601
0.7627765032451155
0.7284649270643673
0.7204387513026488
0.72987299631286
0.7491142163004957
0.7760569432757923
0.797121270347979
0.7786108518328066
0.7233442099809033
0.737299480475187
0.7392140535059119
0.7227996913612601
0.7515710386705251
0.7673731935494171
0.7227001685141059
0.7252450599317201
0.7251429959280891
0.7300361158753345
0.7417722868814954
0.7366175417712174
0.7274421458341218
0.785879881035999
0.7525220369130702
0.7926838407038472
0.7635194662330232
0.7719327802611273
0.7526699071343488
0.7132883735422171
0.754571139869802
0.7518745854949598
0.7492155187488329
0.7236922182261539
0.7298757319974877
0.7214689224445646
0.7342764476451996
0.7675139203924299
0.7770463820408715
0.7639761296675378
0.7663717504513794
0.7761703882869798
0.780817130551108
0.7704536706263649
0.7673383110282431
0.7687793705474293
0.7732982484241357
0.7172939830517076
0.7343111077387897
0.7300593657841044
0.7611772000611976
0.7664909098308504
0.7487074107114716
0.7098547825092292
P1090 P1090
0.7644418219731621
0.7794509271660838
0.7226376286511447
0.773570610532565
0.793999595896966
0.7920959686399999
1.0
0.7956029266824718
0.7276118449192918
0.7398528360058451
0.72964092304567
0.7069714308699228
0.7328584283257822
0.7416754394177724
0.7669995465096311
0.7855556983000308
0.7735276733621644
0.7444618500138518
0.7524707685821159
0.7543809571489929
0.7058845018601263
0.7434551704210152
0.7458761703817456
0.7502494939236348
0.7268475656517307
0.7327035110830897
0.737957433515039
0.7248325574803234
0.745907863561674
0.7554712669156972
0.7764146287293683
0.7326561649147975
0.7783493531109515
0.7597581829747123
0.7777796494095124
0.76512675147088
0.722459109381019
0.7555272223968507
0.7411897577762501
0.7448446494932658
0.7424457689290335
0.7481754385810964
0.7354244377435193
0.7451744403748289
0.7721791036882432
0.7739378561837014
0.7691221219591806
0.7728961432082515
0.7647534417832532
0.7688279466981908
0.7708299758525732
0.7680670889140473
0.7631232553722367
0.7589808428410718
0.7525448050872168
0.7469127393873667
0.7603859400715561
0.7456704951360985
0.7528922274662068
0.7376609433446905
0.6942774654136129
P1090 P1090
0.7787117583063942
0.7774485063225671
0.7388311256552957
0.7708312756644687
0.8664680978505576
0.8472333023342399
0.7909888909278012
1.0
0.7747099467972188
0.7786416999356933
0.725062577677251
0.7070982032265357
0.7216709645414372
0.7351487910390557
0.7634005427557584
0.7885057376208096
0.7640807870080848
0.7332908432187223
0.7570889448384661
0.7355934741812717
0.6964803689361637
0.742091866408386
0.7573172863058273
0.7225530185132697
0.6947909834923246
0.6950125619434927
0.7068250266493581
0.6974951524504857
0.7442495309406962
0.7375494359944509
0.7659340961230171
0.7124733831503208
0.7813959845719122
0.7457410346419213
0.7556470380860008
0.748480160318366
0.7071174487587282
0.7445718699633057
0.7188230560222852
0.7248704835658591
0.7336578771685579
0.7331927727687931
0.7282274220116672
0.7558115806450602
0.7831164397861017
0.7875895553450548
0.7758786626659665
0.7600537156758974
0.7616793254809283
0.768578603710735
0.7725678502820262
0.7791286675545861
0.7667751265616364
0.7576385569604265
0.7261103331307235
0.7323790247087075
0.7554461812057707
0.7595502935394558
0.7405999773023675
0.7224099338116304
0.6734822017303149
P1090 P1090
0.7079084904820776
0.7106024408709227
0.7066148189682607
0.6923942762704058
0.7671588348470112
0.7557849170154611
0.7227841124810518
0.7808824136462872
1.0
0.8107693204310668
0.7004104013829281
0.7074571481435886
0.6966082728772669
0.6855693597896492
0.7168142640262967
0.7456803426689
0.717731009198732
0.6620377375215357
0.6874952353600849
0.6491155393086492
0.6702374905897732
0.7371610016024246
0.7586513979562909
0.6376166189087576
0.623987399040983
0.6118531854140289
0.6504360250668518
0.6259335715407124
0.7026251298022305
0.6808599889236907
0.7130129543853868
0.6503338623854458
0.7024293043520733
0.6868294840128376
0.694774763677584
0.7043971765374646
0.639230398275003
0.6721958474983589
0.6829442752014587
0.6842611081089783
0.6534976965894581
0.6888619645425432
0.6645969609318674
0.7143433829282482
0.7486240877220468
0.7604331427323359
0.7342499912080473
0.7303680179344508
0.7148247681075854
0.7227053097642161
0.7324482218688532
0.7527082930173863
0.7294672538639163
0.7114109073124675
0.6563330885716057
0.6678364738554877
0.6908349836363012
0.7565533176384942
0.7326990138435754
0.7217929506571281
0.6168290810026268
P1090 P1090
0.7066055692015346
0.7137215145351183
0.7076631969030001
0.7072578064361311
0.783780757787528
0.7717729530466226
0.7415182483831021
0.7922784930697278
0.8237620136296031
1.0
0.6869410168100399
0.7114171226855632
0.6991196363298245
0.6864281157893394
0.7187389761743537
0.7412907614502885
0.7218369614146726
0.6757889146387408
0.6965501282528018
0.6559684359770287
0.6745910463932234
0.7461920762851367
0.7563225530284974
0.6406128877717444
0.6323193636032852
0.633100849218418
0.6584435003338527
0.6259829710227199
0.7040476565856407
0.6785845695669095
0.7132892109570257
0.6580574939593474
0.7086544444802625
0.681317013883825
0.7086786161821552
0.7085923536203538
0.6482590962881378
0.6730910595309777
0.6869966492195899
0.6972036062749397
0.670697221467178
0.7014852168034086
0.6666754367511761
0.7305216638284314
0.75052093136747
0.7597160681348304
0.7384942953926692
0.7367888640540319
0.7205691626094048
0.720236230347105
0.7496322762590428
0.7563842530553618
0.7337903188758237
0.7091701473841338
0.6692206761066897
0.6683982384116561
0.6947782816271187
0.7454346997573882
0.7217693741891155
0.7097639495098377
0.606220776673251
P1090 P1090
0.7488422326807609
0.7591639071282295
0.7004534812176649
0.7427644757068164
0.7337935305336905
0.7494634811847871
0.7529761387972319
0.7451209011264404
0.7019748517022956
0.6961515437306945
1.0
0.7411715888356268
0.7685225122926864
0.8291450757257643
0.7841851038136044
0.7565832611071643
0.7668699351975492
0.7241120626120668
0.739810069677604
0.729872824558414
0.7277991960813381
0.7425078562557614
0.7420073181023527
0.7242708198988541
0.7397987759716763
0.7277293916972117
0.7525410778123437
0.7308490225828577
0.7445163214422059
0.744685310674431
0.7413317508993937
0.7408798923929517
0.7503716375895211
0.766465289571299
0.7655492719574687
0.7521932477721269
0.7420030797476489
0.7506129187202829
0.768938510439882
0.7624187676037643
0.7191403885827757
0.746773481307323
0.7266812611992486
0.7369581107099132
0.7438260843334781
0.7431712884361624
0.7520292889935697
0.7452210213324882
0.7641134744181535
0.7626265516794989
0.7561146732112923
0.760479573547466
0.7504823329557503
0.7612747891831128
0.7299263398274014
0.722615403458342
0.7393100653279745
0.749765636675273
0.753003434704314
0.7533738102418182
0.7213873214324477
O390 O390
0.7258792239672487
0.7390873651691853
0.7064421295419019
0.7198397236489353
0.7210330084552233
0.7213379237538593
0.7251816005775493
0.7276175912172819
0.7147503846058096
0.7114140339105285
0.7404756239908551
1.0
0.8407942015905004
0.7518757700172268
0.7429461979929398
0.7247524233422314
0.7527572261464894
0.7193708237998497
0.7203212222680535
0.6795515110395436
0.7490703267469334
0.7565819982622717
0.7514520332333661
0.673797017627648
0.7215373187151074
0.7074714279188422
0.724539059511927
0.7108669620564034
0.7418772078031902
0.7219206958699996
0.710718633429761
0.7175933785286771
0.7035176568120914
0.7277822638323708
0.7186585163707114
0.7462083825150714
0.7216364207056222
0.7251941926040533
0.730048267929449
0.7378758293227674
0.7106564112490272
0.7434995786316859
0.7188889710363683
0.7226947147769331
0.7441051097465474
0.7494034472766863
0.7571854475110663
0.7369833424804351
0.7406285172613812
0.7334054041353716
0.7437011851382629
0.7475900430155803
0.7524504117434417
0.7499401352524053
0.7257282710522239
0.7111752427693638
0.7247969128197169
0.7416452513281492
0.7427652122148156
0.717525710543607
0.7078455646806894
O390 O390
0.732510423224952
0.7548081759605889
0.6940680777078816
0.7372807462750657
0.7274702021173034
0.737271213253534
0.7473898893742488
0.7338902961091855
0.7073470260288128
0.7028268128239858
0.7765535746723463
0.8371936679478403
1.0
0.7737415113306996
0.7648293922854412
0.7414573298649583
0.7688978739687902
0.7313868685517905
0.7310582056416585
0.7128108900394243
0.7510773660168757
0.7464535324213706
0.7459819264112867
0.7091021978940506
0.7436977265415549
0.7369120364326446
0.7603727750000935
0.735463048839261
0.7569909331214127
0.7387073003175141
0.7292307775470769
0.7468440396349807
0.7329137321351181
0.7530753422048739
0.7597649942646298
0.765210604299265
0.7388274100510213
0.7468422233046735
0.7593154480629473
0.7637121570647015
0.7255884721695592
0.7573329377254446
0.7340328100032487
0.7262228193984614
0.7357429057169894
0.7435268566530125
0.7555181272264624
0.7496988223973876
0.7553491475159482
0.7390261675651287
0.7520356611046723
0.7564553450734032
0.7612879087824947
0.7555207625669805
0.7317328319921105
0.7275066139645956
0.7385118126857814
0.7456802938999164
0.7571741053846983
0.737456340275002
0.7253096306203066
O390 O390
0.752700598514651
0.7648821091319333
0.6930748096097002
0.7473242563708076
0.7303310247290562
0.7468461003942936
0.7563045376895988
0.7445039483704928
0.6900477280768372
0.6953669780610771
0.8244651644770462
0.7331382828128391
0.7593377091143987
1.0
0.7694154771616005
0.7598476329218635
0.7785627957418071
0.7262274096841769
0.7310534209557225
0.7264414177891618
0.736272413654905
0.7337535377763813
0.7448389435531534
0.7237549994021252
0.7460620911264907
0.7404718447921076
0.7690616070546678
0.7429321415377657
0.7307688711462423
0.7445121643390398
0.7406344137763278
0.7518916599437019
0.74418182123455
0.765159171710921
0.7750748538925845
0.7536624164750038
0.745465937744992
0.7552602414879623
0.7607537981212003
0.7615237966073914
0.7197585923183333
0.7379210561604627
0.7277222262548022
0.726700290597917
0.7462909271022795
0.7493643572993782
0.7575247013477518
0.7541079661636955
0.756966073186355
0.7475277433633574
0.7499533090277763
0.744858478484334
0.755691988800829
0.7632930379070976
0.7347119827443745
0.7217913248066525
0.7333758385816638
0.7434768601319457
0.7557352854918736
0.7380205317277095
0.7376226500792622
O390 O390
0.7862932371080245
0.7805104762852467
0.702996218466529
0.7675055810564861
0.784241038854986
0.7878220476088128
0.7673533071365661
0.7658819989988996
0.7166320577087435
0.716371621150627
0.7522515014102941
0.7136306713816614
0.7580459191669814
0.7710901359712592
1.0
0.8217683422681742
0.8032819564166732
0.723829366737279
0.7425315003632277
0.7233184286320811
0.736710742566314
0.7488840211388614
0.7487043437836907
0.7157869426857705
0.7499887580180932
0.737103503367348
0.7511465836215763
0.7461654003091271
0.7449696573430313
0.7464362368526044
0.7816847543634589
0.7743915429550707
0.778926756388456
0.78154776547465
0.7794002061583388
0.7637430705906045
0.7439352579233692
0.7684206274145876
0.7537120695560983
0.7663456772078214
0.7211555656712899
0.7450195810949516
0.745298116098202
0.7189637766359367
0.7495551457533116
0.7730638214253098
0.7725802506296392
0.7646931624051593
0.7633056762689587
0.7665717456779332
0.7688070573124108
0.7630363413852455
0.7521728184654615
0.7672012184293242
0.7284039298114356
0.7308440884379745
0.7474728324900158
0.7556578565251526
0.7571988186640148
0.744500360607947
0.7442204684641351
B15 B15
0.7839710849114381
0.7855220138385097
0.7127618392950273
0.7858406468962628
0.7883958025909026
0.7884649905256362
0.781617030454023
0.7790282074966586
0.7358529789160961
0.7345636875628111
0.7461842774442856
0.7266670050368658
0.7405877114379972
0.7615054849053108
0.8217432080938195
1.0
0.8367278905035483
0.7371216662077916
0.7577526361398047
0.7362069335968543
0.7178986517979732
0.738615260525792
0.7560689652557778
0.7338148131162638
0.7464876408860159
0.7474863208198259
0.7409349845830915
0.7320651915199639
0.7410921507512321
0.7593255879661959
0.7984896545780823
0.761647268275968
0.8108152696102898
0.7798695601699195
0.7840521473229534
0.7632029927755343
0.7356039621549328
0.7665646891730449
0.7522902606383723
0.7555316631252283
0.7304196827003365
0.7425294953210467
0.7412235150038331
0.7346926353423898
0.7740056187703904
0.7870962549816508
0.7819733816347766
0.7787241598063072
0.7717925121025232
0.7803145758932003
0.7831805185064464
0.7667720409772096
0.768414853034679
0.7752458985004951
0.7432152997721874
0.7458915428580125
0.7589555863322871
0.7661811711091886
0.763968424044384
0.7538328144020676
0.7113228748618133
B15 B15
0.7836908454114146
0.7762500848881191
0.7010766344573959
0.7889308497156724
0.7792996444209395
0.7915832531889955
0.7755366243684555
0.7639394348877533
0.7141966968584917
0.7180120078181299
0.755361885727355
0.7348639019299841
0.7546568428868844
0.7719890671899947
0.8053026079625508
0.8329765751862033
1.0
0.7389733677975684
0.7509455194411566
0.714602249650592
0.7453731073634132
0.7414606827656727
0.754492383018494
0.7100400625516028
0.7633862829296907
0.7459760718806208
0.7572340382889972
0.746657485610802
0.7507556374343628
0.7549144351933672
0.7858637536403043
0.7722300624335829
0.7834994675280424
0.7814640352872584
0.7868226804664471
0.7642493715926004
0.7469575216048044
0.7640942371635623
0.7598379509229506
0.7644724621821289
0.72786287041505
0.7433405998330244
0.7362363665634096
0.7235139553166033
0.7578832255348195
0.7758609864550164
0.7794154802660012
0.7749731983415595
0.7732522924210274
0.7779977841486069
0.7693146259819064
0.761869673844911
0.7717202761927462
0.7691623112844622
0.7368920474467441
0.7375738901451836
0.7512639914073475
0.7647629904405129
0.7589307534979913
0.7470935241129391
0.7377851067682876
B15 B15
0.735700611766988
0.7513339428064629
0.7358719932880093
0.7399833832811076
0.7244025623564622
0.7179748612020864
0.7360627831927603
0.7281820891522129
0.666931131868034
0.6721813096288959
0.737575959168475
0.7213389141502294
0.7312760999265594
0.729959506297267
0.7369283801991967
0.7318807056701602
0.743595104054157
1.0
0.7766787553225503
0.7217370720747973
0.7223409284072593
0.6993579377381121
0.6991387805675706
0.7150088528144198
0.7358648559289472
0.7266886801173466
0.7315596984903622
0.7446642896374072
0.770143441907373
0.7623670072996145
0.7115395429623099
0.7273213871142439
0.7243716545763534
0.7440557929126438
0.7532166871280305
0.7491550633456439
0.7563384205497053
0.7642966062453234
0.7344224167071233
0.7052462844328872
0.7812342324732093
0.7643736703869436
0.77875618841302
0.7770535251866851
0.7413858460622625
0.7246731920926857
0.7241326224964573
0.719866076110223
0.7559850704812618
0.722637394162752
0.751658670196684
0.7530046717135549
0.7512340657971459
0.7480258699918259
0.7890649912107606
0.7767056675473027
0.7845169721043787
0.6903265548811919
0.6982229214544398
0.7014637303210336
0.713193390522203
N1027 N1027
0.760513007565588
0.7583507816131275
0.7410954617777157
0.7438839711791567
0.7357987638315966
0.7310829711709559
0.7482925834358933
0.751551489164902
0.6824528303403312
0.6922715632928153
0.7286874104526282
0.7248125238389778
0.7352808559737101
0.7349383709006422
0.743310028016313
0.7505503115186225
0.7423369361224995
0.7856501913530298
1.0
0.7243179054461427
0.7285913665896848
0.703698822279144
0.7135723604044255
0.7087442571500112
0.7355046535052593
0.7371539801983391
0.7380126720615385
0.7308687177407277
0.7635008888837352
0.7670432101570929
0.7385176623263106
0.7249213163539635
0.7232066736563273
0.7562003509449933
0.7630538375657298
0.745152213868986
0.7676132522476227
0.7707556474311605
0.7291589970120977
0.7112505076811426
0.7879635797442546
0.7598290655542541
0.7832299392541187
0.7750612083010031
0.7498660030759241
0.7502890052750996
0.754194613148695
0.7468436359309536
0.7708502260269992
0.7632453921080137
0.7590017249321407
0.7667054746261488
0.764460224904632
0.7624772601434404
0.7786272768228828
0.7552627887706396
0.7741054794817093
0.7118598313619199
0.7066661404314882
0.7000844328253388
0.7122330227539011
N1027 N1027
0.7391844478734622
0.7460577993679747
0.6645072171594553
0.715196722670269
0.719287265534801
0.7339737177052229
0.7559512367730379
0.7260753046026475
0.6355631558813419
0.6419579301884164
0.7187238287163724
0.6774963962317478
0.7012600838844009
0.7228319950602575
0.7176596268892678
0.7386649559836719
0.712191671534377
0.716597682706844
0.7249048537439691
1.0
0.6474167174379479
0.6895280552726801
0.7151320209957652
0.8113516587434205
0.7046206854876644
0.7256611176379391
0.7195444965275961
0.7352985521023272
0.7051739035909373
0.713219750846101
0.7720167232774958
0.7137930220363913
0.7825687816218502
0.7564636309010615
0.7592373497736373
0.7295589396656128
0.6881567663763777
0.7294078192369885
0.7306256715045917
0.714185995736773
0.6994431395218857
0.7157346037885388
0.6982377933871312
0.7105622376466916
0.728911153510019
0.7323145055654106
0.734077152527939
0.7277159904024335
0.736529344428573
0.7263760610640576
0.7190594002323967
0.7368648372579409
0.7298680790161839
0.7304194168723037
0.7119567988245339
0.7118490499660213
0.7361500866919095
0.6837230418158138
0.7015538703325056
0.706841368879023
0.6563791499315952
G574 G574
0.7449706560123305
0.7539680859029619
0.6992431171122334
0.757695234567756
0.7410063864037262
0.727463119426055
0.7233612322161518
0.7057604372983057
0.6712158647084381
0.6829500752004537
0.7192703875983188
0.7288060363951434
0.7442740847483055
0.7360002063138734
0.7412377971949652
0.7238193378511902
0.7559503901049075
0.7269140149271172
0.7272909712840575
0.6561928963562114
1.0
0.7904576908342652
0.7588722007755495
0.6488714593281454
0.7445458300238764
0.7337359484175048
0.7410814325652386
0.7555340690871495
0.7533443986170233
0.7305275797111197
0.6921144324967212
0.7559148786039919
0.7076964111970451
0.7126115853706215
0.7327394093095874
0.7404597065843551
0.7562522385150184
0.7323645413394253
0.7312548031027569
0.7289919894939626
0.7173992572050313
0.7098964274789138
0.7186667538157001
0.6996305605773095
0.7301605126261259
0.7155899332359043
0.745989833057062
0.7396512172141669
0.7541119148381187
0.7382914708425828
0.748423528061238
0.7391805183047829
0.7467985558113585
0.7534007437300881
0.7376995910761112
0.7382741513652552
0.7272117663659751
0.7198840561687644
0.7369192716284476
0.7140359595495857
0.7415776859838963
G574 G574
0.7444619994683926
0.7635592310286115
0.7242734782574783
0.7528855130705586
0.776204256423984
0.766986787861557
0.7540791791619633
0.7603468782633869
0.744923080625604
0.7471263992630656
0.7455962692705425
0.7382426786059312
0.7436474806941293
0.7435918433323208
0.7614940144436461
0.7583711227716585
0.7595635572349175
0.6995080713927007
0.7103976951233956
0.6896980291659487
0.7798022264965978
1.0
0.8605944854475759
0.7148394877089169
0.7220377334291495
0.6971978512726926
0.7274480943270935
0.7161452389539908
0.7371012632537193
0.7149259233693015
0.7517409966846783
0.7387940566752457
0.7511404023547443
0.7286493721134613
0.7345450389134025
0.7549610189533233
0.7123155814592728
0.7314111275828442
0.7524246458633783
0.7559198706314075
0.6901813996510862
0.7147405058202971
0.6877416087968442
0.7133042136140246
0.7560860629208443
0.7692743414314152
0.7672578651473515
0.7558030644108977
0.7529471772096179
0.7576570802764058
0.7522556096223445
0.7673187043668958
0.7593698228799035
0.7554841235297911
0.71743750787647
0.722436546836931
0.7267619534412354
0.7580947230027768
0.7566538368427589
0.7488224732982235
0.6985933201132316
G574 G574
0.7601279396594628
0.7702943683385753
0.7249768129366293
0.7626221699912209
0.7930717843209912
0.7754947544297585
0.7505079028430631
0.7642565980193451
0.7564502975031306
0.7540868265628469
0.7412184443696573
0.7328791858600062
0.742981864225859
0.7436753735103081
0.7620942496393217
0.7655613312891658
0.755182533319782
0.7108273208976977
0.709379186104738
0.7184482584836676
0.7703182403177964
0.8047046372221796
1.0
0.6812044084842361
0.7115554110331609
0.7055059324044812
0.715805809556836
0.718090780971717
0.7411156812194705
0.7123266617566448
0.7545012745539882
0.728053078361322
0.7507318647238155
0.7303481482139461
0.7269110910301085
0.7491384862046967
0.704215545519203
0.7155659023986023
0.7405484267873766
0.7490903548171975
0.6871427131418099
0.7088481302229731
0.6882774405205211
0.7202608601142759
0.7544439279129213
0.765843380344785
0.7595584580462867
0.7708048805716408
0.7426575062381998
0.7601026512714792
0.7497645689494926
0.7566536438567123
0.7529766424387577
0.7514473279379158
0.7134003699677345
0.7262503214252976
0.7203176309347114
0.7629863588846866
0.7569299130730955
0.7327292842387606
0.7001521897129637
G574 G574
0.720702907717086
0.7309907356347621
0.6532721661449754
0.7084136529125278
0.7090017222155581
0.728566888946563
0.751074969341077
0.7289028926394553
0.6399149659331023
0.6360770774279096
0.7074502900385471
0.6753525737912544
0.6920181704022826
0.721120262915846
0.7242059831044516
0.7407688054165287
0.7226453506483477
0.7170735067250156
0.7203867833128762
0.8116714437978901
0.6587857950224587
0.6994042363949586
0.6834879270221935
1.0
0.7187141067323434
0.719050391458699
0.7288814885408718
0.7185049171002781
0.7142642098353105
0.7228366682917129
0.7567377374545928
0.7209987076988282
0.772689907792913
0.7594378910213515
0.7543084401143346
0.7296187105571768
0.6843726844745328
0.7444897831212186
0.7214219252621157
0.7054796552707949
0.707142346189808
0.7105400870354723
0.7007173601107002
0.7169452226217863
0.7278900787186594
0.7258391938615057
0.7236157212592051
0.7124903392768808
0.7401801836321128
0.7217005883626707
0.7294487297448443
0.7276054980755683
0.7259365089313696
0.7191201830275493
0.7176600018523882
0.7164263179037776
0.7377578836873857
0.6818868484349425
0.7005761343393871
0.7110592701031109
0.6510706399954636
G574 G574
0.7299269398118957
0.7625665596843955
0.675286672847867
0.7601156283830113
0.7251347073010467
0.7414423850178217
0.7342730414752191
0.7136722259415269
0.6430548980280477
0.6496199500407723
0.7342208850041718
0.7141669811066765
0.736055073209092
0.7384194981884727
0.7466133480490065
0.7368216548349592
0.7601083510556953
0.7340743540485949
0.7384537443246967
0.7178840816563442
0.7505985570914218
0.7136862721608033
0.7191240633608025
0.7130623562769254
1.0
0.7763167921632629
0.7716205188049341
0.7937358588071612
0.744276646902333
0.7512075975381808
0.7400593019813304
0.7702404859082336
0.7332829361777448
0.7621501949215261
0.7668109287563204
0.7552964256083606
0.7447688680986587
0.7688599687128626
0.7497624067648194
0.7485620822029001
0.7239379356020634
0.7254068369788175
0.7244865677033664
0.691436645795169
0.7184620763089284
0.7127967031344804
0.7351042464234715
0.7285305984800792
0.754126795221788
0.7550036971871987
0.734417664637534
0.7379315560579749
0.7452211046956329
0.7551472064192221
0.7478616132473977
0.7426693838227896
0.7328963751480303
0.7138403308185511
0.7342171201351729
0.7356028962314562
0.7551421974358814
C649 C649
0.771382067611654
0.7745020336481014
0.6738762449816482
0.774575094281514
0.7285549634839755
0.7512437874009771
0.7427715636637661
0.7130709662624267
0.6233439815133182
0.6405568203680865
0.7344982178199957
0.6941785249143941
0.7361577798640259
0.7502516602504471
0.7584229967996208
0.7536014053640263
0.7518898735337308
0.73797591955162
0.7402799343434157
0.731929015215443
0.744599878602249
0.7065518408332017
0.7114753503182972
0.711944805227347
0.7936040388447353
1.0
0.7621542026508077
0.86281884498187
0.7294855751118309
0.7430009452217451
0.7526381289505578
0.7775233777175211
0.77027709772132
0.7793756745033776
0.777962883231451
0.7502173462222774
0.7677378930898988
0.7759038674470841
0.7482678655180424
0.7363401501120285
0.734330996204081
0.7324550984161635
0.7469367354852321
0.6953567955937989
0.7220269031427646
0.7240547605014225
0.7398911693512171
0.7481954391252631
0.7604495567643371
0.757856649258371
0.743932232600535
0.7410649845600904
0.7499747101106373
0.7610464796015695
0.7537103682432043
0.7452254807551507
0.7339984496245527
0.7136922241091317
0.7240994674538497
0.7131767337231348
0.7665717963581965
C649 C649
0.7429942967679456
0.7607967142939221
0.6775753588842017
0.7460975755251144
0.724901059136519
0.7532474558181843
0.7487531558784335
0.7282578676335911
0.6674198784043924
0.6728803946578242
0.7462023440940777
0.7211141014795349
0.7636632200999217
0.7648463794121823
0.7562516954637569
0.7547736816896585
0.7710975209716908
0.7348486201158692
0.7415881398393607
0.7352788822207319
0.7526331732267635
0.7212159822027312
0.726851146411366
0.7283997875770812
0.7906727831673154
0.7689704164231493
1.0
0.7833912896523437
0.7432824540506489
0.7566285129141975
0.7418310436354644
0.7782576829263224
0.7532113087429194
0.7662592370739555
0.7715365170021892
0.7708915374790503
0.7432710412554914
0.765637177038167
0.764166297650966
0.7539396021304043
0.7299693636843357
0.7391113083788197
0.7398906691125868
0.7144184709009971
0.7393453756934427
0.731898293608111
0.7441583014154971
0.7460052695205165
0.7618322171054981
0.7497744582956728
0.7473314583756453
0.743951547090914
0.7501253375669911
0.7608625025188817
0.7377811464710993
0.7363807411289855
0.7375218869371925
0.7320204145053211
0.756041492823466
0.735576775361532
0.7529314994470073
C649 C649
0.7543728768684078
0.7688362208699404
0.6600726006887686
0.7595133236992894
0.7096321473926376
0.7395454150392021
0.7286538332315645
0.6976619119584534
0.6214743183266211
0.6229605203033658
0.7259402438013678
0.7039082433386169
0.7299033120724536
0.7490051197297041
0.7444374760882022
0.7478278862594175
0.7537301031047856
0.7395690906112216
0.7238491414814111
0.7315354630805344
0.7414295391365207
0.6969915155907059
0.7000606343207494
0.7191263420862397
0.8040252823869795
0.8084695506562942
0.7757489086355541
1.0
0.730369397897245
0.7404413239863483
0.7275045000859323
0.7841055276400402
0.7585517531736402
0.75996159833793
0.7623882550645145
0.7531245246290343
0.7608050263738215
0.7701419055855122
0.7420512244376266
0.7397898242934009
0.7349474284226435
0.7277968295342454
0.7322079433281815
0.6867842837240026
0.7172331435572384
0.7072457875898915
0.7259422007719873
0.7356354149156616
0.7462047261734516
0.7450039009581416
0.7398635821013059
0.7293558663498382
0.7396276022089441
0.744361016963361
0.7498272266492433
0.7472629314745725
0.7268926426498432
0.7036704022144792
0.7259896260522755
0.7055847920555729
0.7747477572896668
C649 C649
0.7376880298255137
0.7466245882860216
0.7275616814748552
0.735382363841794
0.7397667954083
0.7344873306823815
0.7486415998989627
0.745394983865093
0.6969668718173975
0.7080539274676284
0.7316944360269536
0.7378283949845531
0.7398221100414639
0.732999219703154
0.7425266272866614
0.7306636840618187
0.7433713668138768
0.7694185465535754
0.7638796560626376
0.7130577468945188
0.7412917111010817
0.7294607615778619
0.7306442641073315
0.7072860992666485
0.7351856493945428
0.7326853434363311
0.7527436078106544
0.7351956555799246
1.0
0.7864024707125674
0.7205855367780211
0.7364941866021432
0.7083921052228906
0.7457875594801601
0.7494247131418827
0.7713288225185546
0.751892671021103
0.7641465932092382
0.7353524714199565
0.7215961391706295
0.7559414322686027
0.7666654197983862
0.7611823056952673
0.7717877632861531
0.7493931357727603
0.7545905849864883
0.7594286744874332
0.7495670144553683
0.7569200767380824
0.7296480478316402
0.7618806610729061
0.7670803619063938
0.7667297442831585
0.7519196049737048
0.7729144091279994
0.7702298296540644
0.762886238664554
0.7199968025540076
0.7352567718131678
0.7312329679560023
0.720987507863333
U820 U820
0.756094484897108
0.7619203005763382
0.7244790373983215
0.7581519262835297
0.7365499666519532
0.7364257128486087
0.7547678776561947
0.7428376555477237
0.6753516344267605
0.6876951658703344
0.7322916043240031
0.720935467987351
0.7338058340676211
0.7276950433100466
0.7467942522497882
0.7564646808939333
0.7579040627579132
0.7691762603127175
0.784032592842602
0.7327774539983802
0.7340468234856046
0.7112529808050193
0.7148096281672952
0.715847688095722
0.7495582306916422
0.7457680021164766
0.7458088717045414
0.7401504646275756
0.7785954723109788
1.0
0.7403384477951223
0.7338337457200435
0.737599735678458
0.7657765330754821
0.7787864484164064
0.7594192204909288
0.7603407059695494
0.7816023058608271
0.7260433806601704
0.7159732280228659
0.7650135163875418
0.7509282157557913
0.7764544435514941
0.7520810785599502
0.7527017285347617
0.7605310198278594
0.7627007149516916
0.7672308544217343
0.7697207526462378
0.7619541115876328
0.7607390836689106
0.7693208591140724
0.762786506320654
0.7662659802639391
0.770621019599586
0.771993817398855
0.7708243037980882
0.7198922907467368
0.7250902734159705
0.7078555228729654
0.7259174472856798
U820 U820
0.7795942895235379
0.7751067897496242
0.683019649563199
0.7639365992405993
0.7662962579401773
0.7830264560767458
0.7676184751610408
0.7648124345558359
0.702909856186122
0.6969389096711609
0.7331014788320971
0.6967286370391446
0.7199059429302814
0.7400998717933425
0.7667268113507252
0.7934985444190908
0.7682111865341578
0.721833896262966
0.7329093425377345
0.7647255985881423
0.6974263370199777
0.7307728046755609
0.7404226675106613
0.7612116520098211
0.7414424313746775
0.7470712360231178
0.7330256936690862
0.7503459442681241
0.7251055831321681
0.7393565489928263
1.0
0.7457670826195522
0.8160689760623528
0.7726590420599935
0.7777915189423561
0.7502050217431316
0.7237987886154166
0.7482343047320144
0.7484027464450459
0.7512437131151046
0.7067634934583349
0.7190703774122669
0.7113788282536958
0.7202604892139859
0.7517669780668909
0.7572509738103658
0.7526333992721185
0.7520944436602868
0.7586784269060214
0.7628590252439088
0.7585726609741674
0.7605551073910847
0.754106585541127
0.7552863100223096
0.7207351760034165
0.7239233034771969
0.7385582833312799
0.7388648256928799
0.7452858801365803
0.7313276368502775
0.6958225600404608
K253 K253
0.7635398828312084
0.7771208247389231
0.6762844564625802
0.7738176986300108
0.7409775509675772
0.7609737391286705
0.7421964099685091
0.716259989551483
0.6498946200660626
0.6542151715927959
0.729263172962367
0.6884688207433
0.7236826137333681
0.7462179529859921
0.7747546282521703
0.7750420228639472
0.7733585452880549
0.7219335963010305
0.7213487604714237
0.7124384037388206
0.7475792592102067
0.7165589560399859
0.7169975155704155
0.69525084579065
0.772606503998268
0.7714408644627426
0.7668323892495867
0.7777553940510379
0.7308318555468419
0.7334780256797792
0.7578208672521459
1.0
0.765484441037535
0.7702856917625143
0.772356808605215
0.742731417166695
0.7511577619784371
0.7519978670671694
0.7496002137511332
0.7506835356571161
0.7209221742915745
0.7256463568642344
0.7320301346131434
0.6889388554406773
0.7099771915626137
0.7184121235857048
0.745101084274287
0.7466083684689205
0.7398859316446887
0.7706080558233482
0.7330530576166217
0.7372059522222291
0.7400512991387007
0.7623768089664232
0.7262080446289071
0.7338978961842305
0.718935004152394
0.7267516494082007
0.7382061526665705
0.7257967491620787
0.7613264198685232
K253 K253
0.7712105630097158
0.7794618835008724
0.6822214249531459
0.7621740909699969
0.7619784707978894
0.7760047746939428
0.7645229961628459
0.7622935014163048
0.6939002306011944
0.7024092351504834
0.7425678018087026
0.6856284466018311
0.7234669742601842
0.746809104039299
0.7645968311987698
0.7946614287389031
0.7680551615638744
0.7211766883914604
0.7376181926416727
0.7666212713635977
0.7008622114356016
0.7331690062638042
0.7351723222634855
0.7573037158671809
0.7299239759577496
0.7414910100926883
0.7337421193734621
0.7495756602696131
0.7270863911322762
0.7359326816763415
0.8261164147786474
0.7530273653881332
1.0
0.768411579045666
0.771269421266701
0.7504361563849591
0.7255732786150165
0.7507620216016744
0.745701907052692
0.7460828140545124
0.7097482609801518
0.7249931812031996
0.6999377598073153
0.7120368035638658
0.7457846356713516
0.7450858615040804
0.7481940130570048
0.7478301302464259
0.7559337423130228
0.767117701164671
0.7423640075777524
0.7457698608156617
0.7540651411405929
0.7352986482714128
0.7318851333247631
0.7281260335926877
0.7416185220742475
0.7301445700052211
0.7411363661635241
0.7355856497613401
0.7000201516144422
K253 K253
0.7732656501335227
0.7725597286629703
0.6855423593076156
0.7593519544267251
0.7419011082599921
0.7670444639812083
0.763219088142499
0.7589541348629386
0.6762422664543853
0.6888775876708791
0.7545621842979072
0.7181990608395772
0.7361825904174406
0.7581984808130258
0.7745884240889058
0.7804763528628048
0.7729675436831144
0.7349181593974636
0.7623047647390179
0.7598878101110325
0.7092279662133504
0.7153077312961432
0.7247772372374601
0.7542884951061284
0.7527617215294928
0.7596228028610105
0.7530655219431608
0.7566983625263703
0.7495685645493423
0.759096343261814
0.7918783472551685
0.7674944540340397
0.7673339005571439
1.0
0.8221795722094457
0.7554435826665724
0.7384045969574097
0.7760754745213818
0.7484799912593224
0.7470219668111404
0.7451668632374061
0.7440129368953243
0.7467672881284189
0.7302455388909828
0.7567823303422191
0.7659641307655302
0.7672907557435429
0.7831421583784821
0.7787068119476521
0.7883127400784095
0.7777675022185967
0.7611680049075892
0.7787809002240753
0.7765247938501231
0.7490775183800789
0.7433519008620255
0.7493700309612263
0.7501817051728725
0.7619808589507215
0.7363054561197112
0.7421623652574955
O408 O408
0.762721072782547
0.7667650099821497
0.6816173052428144
0.7482997931434914
0.7433553813756563
0.7627122924965852
0.7642610067454909
0.7542726827655292
0.6745265872464468
0.6897603938357267
0.7479103696063214
0.7191706222137562
0.7476075652798722
0.7570307187488596
0.767271589987119
0.7706590728503774
0.7733827918232377
0.7513489606600323
0.7604799722389082
0.7570590266723097
0.7155249578477049
0.7236333853142387
0.7225772887107851
0.752042707862917
0.7553705096540988
0.7598685597788025
0.7574251105245836
0.762946508531946
0.7534593905622462
0.770972781057363
0.7763384370578637
0.7691413708558594
0.7647417181140266
0.8032926519946967
1.0
0.7652400913402725
0.7471537836138056
0.7795818439462513
0.7616660417683453
0.7374258398429112
0.7502581698287648
0.7496389075450254
0.7590243990355763
0.7368020929673224
0.7515611880732216
0.7692344916262371
0.7827259191660246
0.776773105665922
0.7841140450621407
0.7932451643330932
0.7723408667218471
0.7671842452416539
0.7804360327040422
0.778628167097722
0.7598710443510533
0.7418849500015315
0.7513444508027165
0.7376481512102087
0.7520471577327499
0.7415201301858333
0.7462077127062555
O408 O408
0.7469982260574601
0.770740626608106
0.7210640258464587
0.7500309144834445
0.7597445195862299
0.7582814558679236
0.7652980698956797
0.7590866650645819
0.724051113866614
0.7212104587009602
0.7598791477063828
0.7455775711459074
0.7699129231507948
0.7604385326213731
0.7735818249065374
0.7593533905274299
0.770772682677862
0.7580273159502348
0.7488820980540387
0.750990003231872
0.7453832757908432
0.7534626367081003
0.7528935369702772
0.738564125461399
0.7627956922417822
0.7418814737441725
0.7668763679655372
0.7621405646013579
0.7829824532251608
0.7733481128596417
0.7432404220315687
0.7627736065524784
0.7481385517914114
0.76561230430464
0.7722116793476284
1.0
0.7407833631748398
0.7787886525825318
0.7675926894753791
0.7698750484402239
0.7506593691522435
0.7626168588193554
0.7411777657853091
0.7456955956132887
0.7655027276181056
0.7628285416684494
0.7591567228243037
0.7603990734173759
0.7725440555620647
0.7447112177136002
0.769040199515536
0.7777504129360554
0.7623290965475029
0.7714602631790718
0.7666722006173288
0.7605945748036218
0.7746333512289542
0.7553732484281043
0.7613884636514419
0.7513149355055858
0.7279253109536172
A7015 A7015
0.7373387757960504
0.7490913504697319
0.7132418584835266
0.7346763172261492
0.7157221692360648
0.7185092378340991
0.7190482671544364
0.701256139919262
0.6488729062510358
0.6574322262574728
0.7302878901937814
0.7175264584442113
0.7297957040558996
0.7395620437771241
0.7351324851727182
0.731134889422004
0.7437425784232616
0.7533793904955535
0.7541522889076989
0.6786155160163568
0.7544983306595077
0.701827379423016
0.7022161051037406
0.6709580347956072
0.7435360081065995
0.7504331951060521
0.7334472312950175
0.7516723823155061
0.7561762882925648
0.7489046336178244
0.7037655120334023
0.7243026989393185
0.7027085200311138
0.739267385858177
0.7532026406816982
0.7364402911613993
1.0
0.7536254160734274
0.7324336625571898
0.7171909987559668
0.7448514132179714
0.7426914638956618
0.7704017839297547
0.7323161644962568
0.7211174335853342
0.7078855344770079
0.7208791015496367
0.7307840170897856
0.7464759634584699
0.7327688661569253
0.7374858854609007
0.753209690694692
0.7301186137831116
0.7443413911898414
0.7480153197777702
0.754849818379058
0.7343539585197827
0.69175527531194
0.7017628143931859
0.7020990311221914
0.7351932468266333
A7015 A7015
0.7681274320056709
0.7775971586620798
0.7064472793448198
0.7634246189877846
0.7397692318205691
0.7506903542639419
0.7574935027138708
0.7405618480927284
0.6672297895419517
0.6717194232398609
0.7454563582501139
0.7189799649698484
0.7400266563725418
0.7546049866973112
0.764104176270598
0.7656742186500824
0.7651234125930181
0.762048600136361
0.7664996982941897
0.7353669903865195
0.7367940176983293
0.7080185701297782
0.7127707349851744
0.7402081091273914
0.7664201222328598
0.7735139693689084
0.7598587152500796
0.771075797175051
0.7571686106936657
0.7788832507320786
0.7475611061944087
0.7578384117238077
0.7464339454108889
0.7880222596439758
0.8013946111528032
0.7727873162090462
0.7748389664273345
1.0
0.7440172140135869
0.7379652621455726
0.7707926157203538
0.750050773051263
0.7716612967591364
0.7379866254392602
0.7456886256036103
0.7554788071294976
0.7655314260437777
0.7686030419136047
0.7709872990525405
0.7641054340383723
0.7708761697235574
0.7680119667650992
0.7829739445435016
0.7698336007247324
0.7798415507801708
0.7675931086848043
0.7685347353747446
0.7190006099626411
0.738323580602536
0.7202956190569817
0.7455664604453707
A7015 A7015
0.749018894566931
0.7670125609860946
0.6785728201766414
0.7501414121910508
0.7536531290231685
0.7608586946221758
0.7517549108703292
0.7355305009547354
0.6897606228017251
0.6853756975562834
0.7669607555175028
0.7214164177834528
0.7511433857227606
0.7561128452506616
0.7748240270492146
0.762914987948863
0.7632927977525158
0.7387932406707586
0.7392770690121558
0.7438399956757613
0.7348440890561818
0.7346683742696706
0.745390506031043
0.7326765934636191
0.7540005440223736
0.7591815442039406
0.7653376526173705
0.7603009493566244
0.7420224308381564
0.7452977488799936
0.7623801640157544
0.7708395329225456
0.7608183256611869
0.7654321474609815
0.7588599205041174
0.7546062540693746
0.7305412874036414
0.7487843894774231
1.0
0.7918719620269467
0.7318004056015803
0.7480233274975211
0.7233231422649676
0.7249830480725576
0.7368051609119988
0.7184285984963129
0.7276662911698456
0.7382663264561145
0.7598810960772012
0.7452921572146677
0.748068027500423
0.7487085160141524
0.7326914083236993
0.7480765223125697
0.7492712705752734
0.7492277049028123
0.7403314950468766
0.7216621734372831
0.7343599104128509
0.742879394542612
0.724294251635352
H580 H580
0.7534689404358567
0.7648280355736926
0.6835767029508768
0.7608563710910615
0.7462342748163436
0.7641542642117686
0.7443199307659715
0.7373442201789683
0.6864394735297427
0.6921489724067117
0.7665414276006081
0.7260285384001497
0.7548475745424519
0.7672788157078639
0.7735889353600812
0.768605110365351
0.7757899851557643
0.7165265065481312
0.7251282706218958
0.7288709786791805
0.7302242175551628
0.7460723068801147
0.7444974415271933
0.7237607918832065
0.7515232795162979
0.7459045210971234
0.7514904964184718
0.7493714968119118
0.7361718417831031
0.7370033250123871
0.767112828899059
0.7784249944585747
0.751931308263748
0.7562569659811772
0.7550280018073461
0.7643799922968085
0.7358755913981212
0.7482291436355932
0.7861069425382011
1.0
0.7141994996335849
0.7344648151988906
0.7082927236982863
0.6985911649482139
0.7324524513586649
0.729041200006093
0.7391419190733848
0.74782438992234
0.7509204010422593
0.7565938271158589
0.7420841916555458
0.7454406714497983
0.738611807118425
0.7489140136484552
0.7190279649530898
0.7288776424597961
0.7208750491710793
0.7394054938048227
0.7519374587346346
0.7579032112322416
0.7309640792737574
H580 H580
0.7485314143369145
0.7466310726866294
0.7260919316532214
0.734719154969875
0.7192138797682327
0.7274955197336739
0.7326923642845997
0.7242845773352727
0.6548572398481344
0.6637289112306799
0.715188870109794
0.7112923815244308
0.7267882807812156
0.7214708740482207
0.7304658427637146
0.7353608948476097
0.7289916459583826
0.7825935668823174
0.7838963622168515
0.7064710819767872
0.7120872351194658
0.6869780628533632
0.6861551001802023
0.6963736134529549
0.7272190416544903
0.7320954653301254
0.7260488159584397
0.7324102109097356
0.7501542876183321
0.754686791488957
0.7140769659814302
0.7314189994253686
0.712512189233578
0.7415973873082913
0.7552671563835095
0.7420711687050996
0.7597628361970317
0.7675748318377341
0.7251975460959216
0.6956580180565705
1.0
0.7680376525252499
0.8004522405107718
0.7694586445056495
0.7371705431402741
0.7258300931682372
0.7320018006645082
0.7339566029047699
0.7511902101772125
0.7275338926475156
0.7502111578293603
0.7569337643429919
0.7398940427649607
0.7452591261531402
0.770706702038313
0.7595969001619469
0.7690624315562065
0.6788538360429137
0.6830239755721325
0.6738077249410231
0.7111014780352846
O417 O417
0.7302398965048336
0.7566742579107951
0.7226136239853389
0.735589891033467
0.7252896256455258
0.7318329180899116
0.7458355056231981
0.7294413975292866
0.6846662921306693
0.6913487386856336
0.7339695023140438
0.7259205057007353
0.7620481823040175
0.7361872986089049
0.7436989993498715
0.7433322270089588
0.7436156052581556
0.7690870099617091
0.7606816700114233
0.7200475069925923
0.7210922182879671
0.7082606390026206
0.719717372524332
0.7110042189318863
0.7294918458907315
0.7246681718315814
0.7446821488920243
0.7374232356852083
0.7646875288549317
0.7564347780051011
0.7324847779278932
0.7374232880379484
0.7229356126473395
0.7430587926624642
0.754220245952762
0.7610479527498896
0.7587795341796708
0.7583361387904973
0.7475567715418512
0.7300434497549648
0.7784393581546888
1.0
0.7702169799320061
0.7635047321552361
0.7374993294003394
0.7367080246504369
0.7383520246577854
0.7205556436444958
0.7605274229554632
0.7144132873483787
0.7540780186492393
0.7651033259157257
0.7578510905153365
0.7566762634707583
0.7627109079111684
0.7474709311600705
0.7617507134306563
0.7176987206754619
0.7174651060384883
0.706019628228743
0.7112210146417579
O417 O417
0.7267678757671411
0.7480959960787293
0.7144489306247647
0.7186359632905349
0.7117053612456314
0.709033907113161
0.7274451813069989
0.7229365034260904
0.6430462634129512
0.6559826012101179
0.7150132494864905
0.7099002263070491
0.7229314168248221
0.718030244487337
0.725677549589578
0.7283951009127712
0.7288118425623622
0.7826634284275894
0.779032462665258
0.7123967712983885
0.7037512935602166
0.6766067021360836
0.6866219936955791
0.7063016161851758
0.719673164063131
0.7289656544738458
0.7282554649814225
0.7276052188226942
0.756941667196804
0.7661122216139327
0.7136201276505569
0.7201518738647715
0.7099926759786253
0.7384542384544037
0.7590248324166429
0.7389973672248955
0.764894449337605
0.7636879435024393
0.7205989111774267
0.6915204134314525
0.7958354264277209
0.7631494346723354
1.0
0.7771758498661611
0.7247508145945435
0.7189194156140165
0.7284276852359585
0.7210460441455436
0.750324951129205
0.7115738116459486
0.7419169233730106
0.7409105060796238
0.7346926630585436
0.7447809420432654
0.7760459757444366
0.7642120998038827
0.758551217673671
0.6827957599362181
0.6783499636304029
0.6751865534346636
0.7042996261155321
O417 O417
0.725791629183324
0.7419919108470635
0.7381600058109737
0.7073778861045483
0.7301558510143035
0.724730955582258
0.7392084164188113
0.7525831159131351
0.6951917030555196
0.7064800098075508
0.7298801053543562
0.7199302461237927
0.726119957510343
0.7185811158014557
0.723710802738489
0.7360300148281523
0.7250390430667155
0.7792369894866131
0.7746381560257113
0.7175886278423552
0.6999498337607462
0.6976765527386171
0.7082984192554906
0.7066038574732676
0.6926191949350522
0.6979627700704049
0.7083369310216252
0.7063862782186988
0.7566563522241596
0.7564379248449504
0.7280126717646273
0.6911636062136892
0.7141747294764206
0.7242235326662569
0.7468139564101576
0.7362423240460724
0.7380497715761212
0.7556098272160305
0.7138945941134615
0.6874591928793724
0.7678576567318394
0.7698777919946705
0.7801823132353926
1.0
0.7402362778590575
0.7363760407910086
0.7339628998643285
0.7273806434873306
0.7399626641034395
0.7323705518840871
0.7474262193473722
0.7601522710626429
0.7428363922910584
0.7374469230260668
0.7668002685939577
0.7605421660707488
0.7571920019555122
0.6935892169332747
0.6891613839729192
0.6899382908833464
0.6770290420516976
O417 O417
0.7730970357503294
0.770731374920706
0.7356061598695955
0.7575302617486218
0.7630288280810449
0.7569999268006562
0.7736078041228807
0.7771310678620992
0.7238567445468311
0.7451736661900695
0.7311414013910289
0.7268278461880754
0.7368227384691893
0.7293295527488015
0.7420795665825025
0.7698294147722535
0.7534154876928268
0.7504998584710745
0.7713833916052566
0.7297422387895587
0.7213804080959514
0.7306118377163731
0.7372870901419256
0.723238735468191
0.7136947448175914
0.7158353540177254
0.7189550274316188
0.7143676768385253
0.7550710461351955
0.7531473802104873
0.7505759038396658
0.7201103215698254
0.7464550525651767
0.7581367827165425
0.7701882010141782
0.7557736413454498
0.725386742450735
0.7560830997043906
0.7303456253219321
0.7115151043990164
0.7496078024484415
0.7445013069842441
0.7468840088990867
0.7602558385637149
1.0
0.7876573145903246
0.7879417422876058
0.7742478607434187
0.8229963024231848
0.7825458778516784
0.8694586865384397
0.7865997802522783
0.7731701732291955
0.7646215187581781
0.7462558980918613
0.7466681565843013
0.7681237854633611
0.7499149374492573
0.7501042025311566
0.7269539689856096
0.6816378372808702
P1109 P1109
0.771174197839016
0.7542804603638598
0.7181320048333969
0.7579689865634555
0.7822338803848355
0.7706585251332051
0.7650934429332541
0.7913666134090016
0.7418292430717284
0.7397984649393173
0.7258737598806183
0.7198395616577244
0.7352115865162271
0.7286943915751016
0.7593118399576814
0.7751327768041479
0.7514441292940556
0.7384255985799489
0.7579411753372006
0.7301122876358823
0.6991457914225687
0.7307395016271918
0.7477510199457433
0.7265026208069948
0.7130158334374579
0.7174300514525956
0.7197077655536899
0.7210606902316022
0.7410390233650097
0.7529883140479503
0.7556698388219818
0.7009608465535201
0.745590294081772
0.7681096687020748
0.7681590803592596
0.7610895359954359
0.7291488776791815
0.7586923470750648
0.722853470074177
0.7145681460383294
0.7392055408429798
0.7421251307607384
0.731658527379606
0.7543252264693977
0.7673789111678959
1.0
0.8894931957904871
0.8183402294342986
0.7634252336884015
0.7801006120057169
0.7796100620361567
0.7837081189984001
0.7817243749540098
0.8393981777165902
0.7460466452366613
0.7418925052806816
0.7548046293949038
0.7546008823191043
0.7355966901758131
0.725071454461964
0.6831959448958224
P1109 P1109
0.7781814681830702
0.7688222699524421
0.7064483240015613
0.7723062046025276
0.770642934026807
0.7746846404523463
0.7626440645302714
0.7797786483475099
0.7148872814618323
0.7194870378218716
0.7298158082240186
0.7265411743412387
0.7425302134002941
0.750620948903954
0.7666116820291846
0.7781089301880573
0.7580121571689837
0.7361919296208074
0.7664268988710733
0.7295060807237742
0.72001687154473
0.7305076128724872
0.7413295797235596
0.7268392859016009
0.7316540313651083
0.739845003960362
0.7385996111242763
0.7402687528841579
0.7467141823710681
0.7670469380452098
0.7554236333886721
0.7214246986723517
0.746614811626713
0.7741989663999748
0.7815276938915567
0.7616202607333039
0.737176831558278
0.764210102650144
0.7350979639818961
0.7249409081888945
0.7460840968416645
0.7398325953201139
0.7427032725959053
0.7372952771973144
0.7693543073806596
0.8943589909796584
1.0
0.8459307235666141
0.7828866021987542
0.7959322293004799
0.7781804264934167
0.7857718233553286
0.7925728194039771
0.8576683840841812
0.7554526839775868
0.7443838935281474
0.757317647732009
0.7552325590851516
0.749361229202669
0.7328680631337791
0.7063745846189218
P1109 P1109
0.7814485393172949
0.7657458621243357
0.7114522049933181
0.7846454432948382
0.7668767122614922
0.7708654251786097
0.7592483836880534
0.773944053573344
0.722199759980159
0.7244207385390122
0.7369117357969781
0.7205646926003512
0.7323948511466222
0.7433181275317906
0.756177898746855
0.77928667616347
0.7624636729137735
0.7382862562374648
0.7728664536899745
0.7237954207494476
0.7284909714567172
0.7311328290917652
0.7424097061334858
0.7127181698295659
0.7208963262375898
0.7340177370061917
0.7304153422787216
0.7425714300703284
0.7464967503066584
0.7606025942244775
0.7582512232827595
0.7257225326333173
0.7536619913371922
0.7748213890390121
0.7813982009000386
0.756466324948408
0.7348702622401898
0.7656339623171964
0.7319142477039542
0.7282998357876169
0.7537848878975274
0.7363929319653548
0.7457716240575953
0.7329583951147098
0.7685883936665866
0.8615653079792244
0.8772767865357172
1.0
0.7697604933614158
0.8339863432607891
0.7752934566921681
0.783054750426969
0.7917237163365383
0.8011276611266203
0.7429041620851103
0.7491815033660779
0.7479391847177782
0.7561872800718868
0.7440134107018935
0.7314655826416184
0.7100712238060678
P1109 P1109
0.78633299597577
0.7749258341458691
0.7118691729254142
0.7698480147709532
0.7574181033473716
0.7616229196009737
0.7651367441344163
0.7662205558646018
0.6881636195873944
0.7052240402868257
0.7357194748710626
0.7297278407232968
0.7433354555051656
0.7484467048427915
0.7565189814374844
0.7644201181017812
0.7570636941393702
0.7542581586509735
0.7685587414857977
0.7325571170200486
0.7460015681024912
0.7259098477084992
0.725033665686938
0.7243858018114832
0.7449873748612512
0.7489740538269782
0.7402853639725937
0.7495926113567835
0.761019823939937
0.7614699270381237
0.7515234130426002
0.7556906630701299
0.7647982311128593
0.7739916796596907
0.7921720982699746
0.761915796086877
0.7490882722142529
0.7737155601112543
0.7455676765071857
0.72435868217528
0.7616406055495315
0.7574525076011953
0.7682847362368906
0.7440373975739997
0.8161985547377386
0.7669484513361701
0.7806592026740411
0.7858109625002153
1.0000000000000002
0.7769948938296624
0.8284232912707145
0.7718396136677474
0.7826360159396811
0.7858694054940448
0.7589790986802379
0.7553945944905461
0.767705778552104
0.7485686595242677
0.7512122202497744
0.7305878183678589
0.7298053749253571
P1109 P1109
0.7604659179538857
0.7609381394487194
0.698747803189586
0.7732502462465708
0.7578495643561871
0.7613202953184555
0.7622591174290347
0.7631268822603455
0.708973361103183
0.7083386082590784
0.7316442527928525
0.724160152351813
0.7289034453236224
0.7471948930677409
0.7503392186810085
0.7757541029989518
0.7531541952484166
0.7296376743362302
0.7628127397371548
0.7334119071987609
0.7209540336700198
0.7309696048070916
0.7338440854744007
0.7183645505356392
0.738469833032413
0.7447427207715167
0.7347004541915467
0.7430826156780319
0.7392460004611998
0.74660667359188
0.7612431154808842
0.7398690673621432
0.742912205711954
0.7761764755219529
0.781617539553989
0.7510810521550708
0.730258195262051
0.758601364587944
0.733840251756682
0.7282003792866723
0.7442611650669755
0.7378897355696908
0.7367442839629704
0.72238808791564
0.7653982079239309
0.7872174442425929
0.7997242389837791
0.8604835136675056
0.757318134358315
1.0
0.7836042828731196
0.7666995849640229
0.799057431024253
0.7775958304671272
0.742939899127451
0.7457850747083584
0.7418534022001253
0.7546126216890018
0.752605878225042
0.7333059523166194
0.712083044785105
P1109 P1109
0.7815395253950924
0.7703446565570782
0.7149735208176102
0.7641131722312432
0.7633285963352058
0.7634324232394296
0.7691570837138477
0.7711906349589689
0.7176036825168207
0.7329289633863447
0.7363436582478181
0.7352732921725227
0.7394007421698459
0.741408466765049
0.7577888870213509
0.7685774271639363
0.7634032175594275
0.7461139603012964
0.7684834929751979
0.73124765070296
0.7417484638628845
0.7292675688479215
0.7311099450356011
0.7227195380666511
0.7284578622698552
0.7411720874113835
0.7402618280133088
0.7375186361070772
0.7503994347844811
0.7612594192367398
0.7422624961166366
0.7461497564649112
0.7551945874639645
0.7731374693958607
0.7854204526442806
0.7619776260846008
0.7367996220612747
0.7648157836174284
0.7432212606604451
0.7241627153042139
0.7551618762929733
0.7439296696993067
0.75616234730815
0.7438072064384078
0.8670820962458038
0.7894058341200307
0.8162876093427438
0.7867100282997458
0.819805898465851
0.7871959100793082
1.0
0.7859961651900457
0.7874193448450448
0.7786966438443579
0.7563982147283258
0.7514444601624247
0.7641065601153514
0.7517606504743879
0.7530765769505533
0.7377806425743371
0.711569796892251
P1109 P1109
0.7498250358069803
0.7471952057673651
0.727615332728893
0.738471333713487
0.7492614134690293
0.7485252149228069
0.7529494208474684
0.7666308971653057
0.7160610696252254
0.7230633715570842
0.7205867368176954
0.7125292477532678
0.7329237385716647
0.7276241243573999
0.743883950215155
0.7560300585560868
0.7432084728917087
0.7460431172784104
0.7623467951634235
0.7192317698549843
0.7141238699396386
0.7260633757887182
0.714721937301739
0.7263799468157388
0.7247399616795296
0.7194139070171248
0.7342287584138727
0.7176829655951225
0.7543755941989634
0.7454433289772965
0.7423295279942506
0.7064925320753913
0.7404771625382205
0.7489018908149807
0.7608406598046075
0.757335353716121
0.7437919473839746
0.7674913850634414
0.7307497171575136
0.7227596558948594
0.7535616347780846
0.7478866084302207
0.7417205874921576
0.7616278744165361
0.7741068117196555
0.7657441512298793
0.7666214396065554
0.7675853040220825
0.7557624559332466
0.7583680803078175
0.7980780031994185
1.0
0.7849721596556595
0.7447045074111437
0.7563721240121605
0.755519409768358
0.7701529215296942
0.7302125095247253
0.7239920130223452
0.7363495784355669
0.7025601540737519
P1109 P1109
0.7653422798259635
0.7542491008590164
0.70046899654062
0.7700632229018771
0.7561441337285592
0.7519706214295078
0.7657322462650267
0.7564956276837734
0.7071114910033739
0.7103436393065006
0.7256656146103825
0.7281075057039544
0.7469359354909194
0.7424141655897869
0.7507607296761143
0.7566636171720648
0.7538624710242482
0.7467227901250456
0.7624961316858253
0.7257591180038339
0.7286488201125982
0.7324224108020552
0.7305032349273659
0.7298090515363574
0.7402495704213287
0.7398308199189741
0.7424048964410459
0.7438863781619788
0.7461914296695096
0.7476889378564273
0.7550338608997978
0.7317738750691207
0.7463914933725001
0.7667773016189399
0.7772652354713209
0.7565823737033616
0.7372536798473465
0.7708186553003463
0.7338764247674097
0.72657919219203
0.7495098160544443
0.7396790698217723
0.7420420952997843
0.7429016684154587
0.7702013723058182
0.787165286694809
0.8168393208310786
0.8304973529250566
0.7647524919859
0.8322181518387382
0.7881776618513939
0.7930297954169598
1.0
0.7794917748778296
0.7588813020109421
0.758330230925321
0.7612869695249947
0.7500779779080142
0.7534101043692293
0.7407567934690187
0.7234975105442044
P1109 P1109
0.7742066285117837
0.7614665555880024
0.6964530203398142
0.766174631593098
0.7618134473119202
0.7693543644794701
0.759946946180089
0.7677636798084735
0.7033574928869265
0.7017970580378955
0.7409493370041794
0.7270432998398519
0.7405047924973024
0.7572304736066314
0.7585168768170678
0.7657383526410501
0.7589296438170969
0.7465556787261525
0.7616197910640995
0.7304744139241331
0.7348683635435281
0.7329078969789714
0.7415134561040219
0.725317133607006
0.7426183920805935
0.7436591014467361
0.7430750403390278
0.7452697045588037
0.7486135014718903
0.7576886459306392
0.747954870378854
0.7386288182677992
0.7357258243074992
0.7832229668766755
0.7790675970697388
0.7617744939949977
0.7527324792583691
0.7713491948423181
0.7371017884483335
0.7265063316781961
0.7561410843111208
0.7352001761385459
0.7583748380630653
0.7384328377012119
0.7588324736843189
0.8255725764868062
0.8419752055988488
0.7929732214104578
0.779003657912911
0.7765234904650855
0.7744589973806428
0.7725048891631421
0.7792216007398864
1.0
0.761558922973608
0.7440588190664159
0.7509717492552348
0.7462843505513233
0.7347695863623982
0.7287851470777643
0.7152481241048707
P1109 P1109
0.7261109489587221
0.7563659969960876
0.7206903030097154
0.7435266499097299
0.72179377118825
0.7174014975451477
0.7380662342740671
0.7279780252377968
0.6600407543276171
0.6588341529475881
0.7117819208772698
0.7040356834496638
0.7253221451513733
0.7183510061915712
0.7323342708873104
0.7387433907447445
0.748762859441665
0.7860595329499955
0.774314136005365
0.7213088707221528
0.7270785741699342
0.7131699335989329
0.7137167145001017
0.7174201582936521
0.7390835700425691
0.7372703861725783
0.7343065440977257
0.7528791875195296
0.7676601038862008
0.7780473573477745
0.7117006812454456
0.7313344931717244
0.7365957543981003
0.7467818650980649
0.7450650762498913
0.7531957611203184
0.7544186705615092
0.7762435916940387
0.725032096088148
0.7114010326238009
0.768692471002602
0.757594734974936
0.7694912613231649
0.7601794752935986
0.738893641200075
0.7334359076669341
0.7362370238945639
0.7370080061758734
0.7579213014003049
0.73552131961884
0.7497505240787347
0.745090460051791
0.7476103909941508
0.7468151478462479
1.0
0.7901208668528852
0.8221926157286882
0.6853637116917369
0.7090198821957799
0.6905592814704344
0.7258631322291719
P936 P936
0.7433941779982485
0.7664447765527918
0.7169044890901399
0.7525558536999694
0.7345376039180394
0.7300858953351387
0.7502911484412423
0.73120169092267
0.6663550637040105
0.6653208658650624
0.7171783830812357
0.7051154656544438
0.7352601540326924
0.7197466205231612
0.7436880202968017
0.7429895598727605
0.7448888859670736
0.7835219064842931
0.7692690410437549
0.724386837531596
0.7386567116929821
0.7092229628293142
0.717346994191322
0.7114949599014776
0.745330034087876
0.7414563379833378
0.7335953666423362
0.7590128314175952
0.7708270454958059
0.7728362614389763
0.7129881668759126
0.7336517453927031
0.7316275470664434
0.758266074490402
0.7559114289589548
0.7492041222664312
0.7634663139517518
0.7674111336658163
0.7324364393075841
0.7167112015854576
0.771054223480447
0.747211662172583
0.7780612177607236
0.7610021129730227
0.7389904945178202
0.752421700550479
0.7454922604297565
0.752342335081189
0.7607588121793167
0.7350378902554519
0.7517332992090604
0.7548077347647204
0.7575477765393575
0.7647887304334567
0.7936057352266145
1.0
0.7969017652375647
0.7054348793567554
0.702817610545447
0.7024573384184251
0.7294331302195426
P936 P936
0.7251185952166878
0.7531537833771895
0.7125532243583372
0.7403697229944727
0.7290245487830358
0.7273761336323853
0.752696039155596
0.7483316202294235
0.6773735422046003
0.6727345690989411
0.7129019985454892
0.7084897301611705
0.7272248815463026
0.7318022089822352
0.7352484063939413
0.7575398553323339
0.7462999561457828
0.7796193637243677
0.7682408311018817
0.7402521890223809
0.7117979580983951
0.7076173729461821
0.7101136962549756
0.7502689808634356
0.7292870083664742
0.7238283225091774
0.7308743672986093
0.7395253155673661
0.764258602776614
0.772792568894014
0.7162371239198972
0.7109509989497476
0.736042889472629
0.7481636540027042
0.7476080015218882
0.7606776212864415
0.7357874426025232
0.7657573568802358
0.7230863129635154
0.7099967842326641
0.7653690945574413
0.7553111411202852
0.764599452516856
0.7630709663433912
0.7473732016164486
0.7518428671711711
0.7526787806380295
0.7486692370170855
0.7572243076454739
0.7487347908803432
0.7519185843577347
0.7706635811010898
0.7529482814458917
0.7457474202318465
0.8149516244121486
0.7827626957753833
1.0
0.6969459812300963
0.7122855103650821
0.7013362759538445
0.7044091414531042
P936 P936
0.7613397279295993
0.7610451021266844
0.6998105172829645
0.7545846105022959
0.7796091023825021
0.7705983404901318
0.7521528103272598
0.7740758738537927
0.7602589864876219
0.7611199931182946
0.7439236343377971
0.7338448668874072
0.7390758474969001
0.7535345703908289
0.7632600198719858
0.7746731253123122
0.7704297093981094
0.6879056888442658
0.7226567953263167
0.7014438666907423
0.7302447096790312
0.766574999703919
0.7685760542303175
0.6872712369966836
0.7238319139458471
0.70400533340633
0.7236381720014343
0.7040510895224368
0.727942117681819
0.729890213362168
0.7623932660488028
0.7301053082426806
0.7561275949069463
0.746862395748684
0.7565062671693998
0.7506559542586164
0.7075869469605213
0.7375753494429605
0.7303073937857871
0.7479611659938129
0.687999637943543
0.7202522278513029
0.7022507439957162
0.704522007348242
0.7638634307217285
0.7830893633067147
0.7820893530134018
0.776210025256894
0.7561350852303482
0.7739120170161314
0.7694283379329734
0.7584066365185561
0.7847877071468369
0.7665411261643299
0.7034774317343876
0.7087332579220468
0.7218176801534194
1.0
0.8271197020698818
0.7776748455037603
0.7042413692018903
O388 O388
0.751785591373412
0.764378177170496
0.6928380754202205
0.752192886139508
0.7667183011270181
0.7682195544761514
0.7593370339151355
0.7592930413252245
0.7355696490584385
0.7361565333481582
0.7502008817477607
0.7305608812170986
0.7401714805387959
0.7577340542407298
0.7633642063203051
0.7592494956656147
0.76366674861618
0.693406352221017
0.7098436769406524
0.7161479335797167
0.730298979913534
0.7545148227460169
0.7538247554157096
0.7087033489270251
0.7291342473768478
0.7180952445258414
0.7452318635813686
0.7242393370861779
0.7312341637868001
0.7338124557370281
0.7450898685824963
0.7426610573829645
0.7586232381800119
0.7579541440806659
0.7666731279965744
0.7613699813473648
0.6988418605903733
0.7364837401403282
0.7420311274948117
0.7644139605351427
0.6845984427645724
0.706343271145519
0.7028621867569298
0.7000142794189338
0.7538976798534772
0.7738378924635754
0.7834954326737953
0.7776427791361662
0.7554831046703592
0.7749859345400282
0.7674897092165717
0.7476657072307259
0.7679770811955797
0.7597603848398061
0.710295366412562
0.7137100166252712
0.7213035252849685
0.8399750791826528
1.0
0.7785610515630991
0.7396160359941449
O388 O388
0.7398584793292798
0.7674191535470284
0.6801537941791131
0.751956704815119
0.7530158180545248
0.7605519577874711
0.7594014512683644
0.7489566301710323
0.7205307985272293
0.721267824941637
0.7472978669322331
0.7189288910464006
0.7428476489542434
0.7586853560395546
0.7620391280522997
0.7718099304403749
0.766328102325987
0.7051584715116226
0.7102669962398739
0.7305034540636192
0.7254986230965056
0.7468337266903547
0.7415415341636633
0.7314215233724675
0.7321165967253931
0.7233015259721126
0.7324078204275281
0.7360151087307877
0.7395282385680657
0.7390592972511782
0.7436917883086923
0.7379451175705994
0.7543314542968028
0.7581186264192975
0.7594633794247425
0.7592377573494634
0.7082090791598487
0.7417987616320686
0.7536373525403456
0.7645497415203231
0.6977360228040214
0.7264198549740942
0.7125976978902558
0.7090484096768713
0.7623692391345643
0.7679844555842044
0.769034149817658
0.7658663388691853
0.7608604230182461
0.7597188446640245
0.7615504623300094
0.7510184346065216
0.7710561104015909
0.7537591917150406
0.7131497756282644
0.7320006483330767
0.7305903364029416
0.7836480270810792
0.7804965457494494
1.0
0.7341681791345065
O388 O388
0.7194296538281383
0.7360181397743364
0.6340971023398658
0.7399812165738636
0.6987794683721124
0.7071061848653196
0.694450341749533
0.6678373886443859
0.603491140708671
0.6100447891865249
0.7105327397324999
0.6960037930321726
0.7181506647172403
0.737083475031087
0.7300672386154125
0.7083251156619307
0.7394614223040277
0.7142985838710846
0.6982011822824084
0.6774018572111502
0.7499120091024152
0.6892583371262702
0.6843513371020238
0.6614735179448465
0.767111608685809
0.7612562335531803
0.7475372151154833
0.7745438651243325
0.7219033887486074
0.7304200635525029
0.6955616200114747
0.7693784786504579
0.6997261872059112
0.7496667742697055
0.7482174037240115
0.7321783471369366
0.7422581230532496
0.7483133739504563
0.7274055054251438
0.7297992402525971
0.709442031173902
0.7011824364110528
0.7304223860764061
0.671180991781314
0.6959907333216828
0.696713298246002
0.7175566078653274
0.718284847012742
0.7277757584872896
0.7191231886057613
0.7220073590738317
0.703311948049689
0.7381802436655149
0.7387168485950115
0.7332413780899278
0.733762291256073
0.6989214063032735
0.710260415431416
0.7325284732678694
0.7236793418358398
1.0
O388 O388
['W342', 'W342', 'W342', 'W342', 'P1090', 'P1090', 'P1090', 'P1090', 'P1090', 'P1090', 'O390', 'O390', 'O390', 'O390', 'B15', 'B15', 'B15', 'N1027', 'N1027', 'G574', 'G574', 'G574', 'G574', 'G574', 'C649', 'C649', 'C649', 'C649', 'U820', 'U820', 'K253', 'K253', 'K253', 'O408', 'O408', 'A7015', 'A7015', 'A7015', 'H580', 'H580', 'O417', 'O417', 'O417', 'O417', 'P1109', 'P1109', 'P1109', 'P1109', 'P1109', 'P1109', 'P1109', 'P1109', 'P1109', 'P1109', 'P936', 'P936', 'P936', 'O388', 'O388', 'O388', 'O388'] ['W342', 'W342', 'W342', 'W342', 'P1090', 'P1090', 'P1090', 'P1090', 'P1090', 'P1090', 'O390', 'O390', 'O390', 'O390', 'B15', 'B15', 'B15', 'N1027', 'N1027', 'G574', 'G574', 'G574', 'G574', 'G574', 'C649', 'C649', 'C649', 'C649', 'U820', 'U820', 'K253', 'K253', 'K253', 'O408', 'O408', 'A7015', 'A7015', 'A7015', 'H580', 'H580', 'O417', 'O417', 'O417', 'O417', 'P1109', 'P1109', 'P1109', 'P1109', 'P1109', 'P1109', 'P1109', 'P1109', 'P1109', 'P1109', 'P936', 'P936', 'P936', 'O388', 'O388', 'O388', 'O388']
1.0
