similarity of same bovines:
[0.05521472392638037, 0.04294478527607362, 0.10101010101010101]

similarity of different bovines:
[0.05194805194805195, 0.045454545454545456, 0.045454545454545456, 0.06417112299465241, 0.0427807486631016, 0.058823529411764705, 0.07777777777777778, 0.03888888888888889, 0.03888888888888889, 0.04819277108433735, 0.04819277108433735, 0.04216867469879518, 0.06134969325153374, 0.0641025641025641, 0.04487179487179487, 0.04487179487179487, 0.05555555555555555, 0.04040404040404041, 0.04216867469879518, 0.05421686746987952, 0.04819277108433735, 0.06875, 0.04375, 0.05, 0.05319148936170213, 0.0425531914893617, 0.0425531914893617, 0.0440251572327044, 0.03773584905660377, 0.03773584905660377, 0.05339805825242718, 0.05825242718446602, 0.05339805825242718, 0.040268456375838924, 0.053691275167785234, 0.04697986577181208, 0.05, 0.05, 0.044444444444444446, 0.054945054945054944, 0.04395604395604396, 0.04945054945054945, 0.06432748538011696, 0.05263157894736842, 0.04093567251461988, 0.0440251572327044, 0.06289308176100629, 0.03773584905660377]

number of inliers of same bovines:
[9, 7, 20]

number of outliers of same bovines:
[154, 156, 178]

number of inliers of different bovines:
[8, 7, 7, 12, 8, 11, 14, 7, 7, 8, 8, 7, 10, 10, 7, 7, 11, 8, 7, 9, 8, 11, 7, 8, 10, 8, 8, 7, 6, 6, 11, 12, 11, 6, 8, 7, 9, 9, 8, 10, 8, 9, 11, 9, 7, 7, 10, 6]

number of outliers of different bovines:
[146, 147, 147, 175, 179, 176, 166, 173, 173, 158, 158, 159, 153, 146, 149, 149, 187, 190, 159, 157, 158, 149, 153, 152, 178, 180, 180, 152, 153, 153, 195, 194, 195, 143, 141, 142, 171, 171, 172, 172, 174, 173, 160, 162, 164, 152, 149, 153]

