similarity of same bovines:
[0.17880794701986755, 0.12582781456953643, 0.17218543046357615, 0.0728476821192053, 0.15894039735099338, 0.2251655629139073, 0.1456953642384106, 0.16556291390728478, 0.09271523178807947, 0.07947019867549669, 0.12582781456953643, 0.15894039735099338, 0.046242774566473986, 0.04046242774566474, 0.046242774566473986, 0.05202312138728324, 0.05202312138728324, 0.046242774566473986, 0.04046242774566474, 0.05202312138728324]

similarity of different bovines:
[0.052980132450331126, 0.052980132450331126, 0.052980132450331126, 0.059602649006622516, 0.0728476821192053, 0.059602649006622516, 0.046357615894039736, 0.052980132450331126, 0.046357615894039736, 0.06622516556291391, 0.06622516556291391, 0.033112582781456956, 0.046357615894039736, 0.052980132450331126, 0.07947019867549669, 0.052980132450331126, 0.052980132450331126, 0.046357615894039736, 0.059602649006622516, 0.046357615894039736, 0.052980132450331126, 0.059602649006622516, 0.046357615894039736, 0.052980132450331126, 0.046357615894039736, 0.059602649006622516, 0.039735099337748346, 0.059602649006622516, 0.052980132450331126, 0.052980132450331126, 0.046357615894039736, 0.046357615894039736, 0.039735099337748346, 0.052980132450331126, 0.046357615894039736, 0.039735099337748346, 0.059602649006622516, 0.06622516556291391, 0.052980132450331126, 0.039735099337748346, 0.059602649006622516, 0.046357615894039736, 0.052980132450331126, 0.052980132450331126, 0.059602649006622516, 0.059602649006622516, 0.08609271523178808, 0.052980132450331126, 0.046357615894039736, 0.0728476821192053, 0.046357615894039736, 0.052980132450331126, 0.052980132450331126, 0.052980132450331126, 0.046357615894039736, 0.046357615894039736, 0.046357615894039736, 0.07947019867549669, 0.052980132450331126, 0.039735099337748346, 0.039735099337748346, 0.059602649006622516, 0.052980132450331126, 0.046357615894039736, 0.052980132450331126, 0.059602649006622516, 0.059602649006622516, 0.06622516556291391, 0.046357615894039736, 0.06622516556291391, 0.0728476821192053, 0.06622516556291391, 0.052980132450331126, 0.059602649006622516, 0.052980132450331126, 0.046357615894039736, 0.059602649006622516, 0.052980132450331126, 0.059602649006622516, 0.046357615894039736, 0.046357615894039736, 0.052980132450331126, 0.052980132450331126, 0.052980132450331126, 0.052980132450331126, 0.059602649006622516, 0.06622516556291391, 0.039735099337748346, 0.046357615894039736, 0.059602649006622516, 0.052980132450331126, 0.052980132450331126, 0.046357615894039736, 0.052980132450331126, 0.046357615894039736, 0.06622516556291391, 0.06622516556291391, 0.052980132450331126, 0.039735099337748346, 0.0728476821192053, 0.052980132450331126, 0.07947019867549669, 0.06622516556291391, 0.039735099337748346, 0.046357615894039736, 0.046357615894039736, 0.059602649006622516, 0.039735099337748346, 0.06358381502890173, 0.04046242774566474, 0.05202312138728324, 0.046242774566473986, 0.04046242774566474, 0.03468208092485549, 0.046242774566473986, 0.06358381502890173, 0.03468208092485549, 0.05202312138728324, 0.046242774566473986, 0.06936416184971098, 0.04046242774566474, 0.046242774566473986, 0.046242774566473986, 0.05202312138728324, 0.046242774566473986, 0.05202312138728324, 0.046242774566473986, 0.046242774566473986, 0.04046242774566474, 0.046242774566473986, 0.05202312138728324, 0.046242774566473986, 0.06358381502890173, 0.08092485549132948, 0.05202312138728324, 0.04046242774566474, 0.046242774566473986, 0.05202312138728324, 0.06936416184971098, 0.046242774566473986, 0.08092485549132948, 0.08092485549132948, 0.04046242774566474, 0.09826589595375723, 0.06358381502890173, 0.057803468208092484, 0.046242774566473986, 0.046242774566473986, 0.04046242774566474, 0.03468208092485549, 0.046242774566473986, 0.04046242774566474, 0.04046242774566474, 0.05202312138728324, 0.046242774566473986, 0.04046242774566474, 0.046242774566473986, 0.04046242774566474, 0.046242774566473986, 0.046242774566473986, 0.05202312138728324, 0.05202312138728324, 0.046242774566473986, 0.05202312138728324, 0.046242774566473986, 0.046242774566473986, 0.057803468208092484, 0.08670520231213873, 0.046242774566473986, 0.04046242774566474, 0.04046242774566474, 0.03468208092485549, 0.05202312138728324, 0.04046242774566474, 0.046242774566473986, 0.046242774566473986, 0.046242774566473986, 0.046242774566473986, 0.06358381502890173, 0.06936416184971098, 0.05202312138728324, 0.07514450867052024, 0.09248554913294797, 0.07514450867052024, 0.05202312138728324, 0.06358381502890173, 0.04046242774566474, 0.046242774566473986, 0.04046242774566474, 0.05202312138728324, 0.03468208092485549, 0.04046242774566474, 0.06936416184971098, 0.046242774566473986, 0.06358381502890173, 0.03468208092485549, 0.04046242774566474, 0.04046242774566474, 0.04046242774566474, 0.04046242774566474, 0.057803468208092484, 0.04046242774566474, 0.03468208092485549, 0.04046242774566474, 0.046242774566473986, 0.05202312138728324, 0.046242774566473986, 0.06936416184971098, 0.07514450867052024, 0.05202312138728324, 0.05202312138728324, 0.057803468208092484, 0.03468208092485549, 0.06358381502890173, 0.04046242774566474, 0.057803468208092484, 0.046242774566473986, 0.05202312138728324, 0.05202312138728324, 0.05202312138728324]

number of inliers of same bovines:
[27, 19, 26, 11, 24, 34, 22, 25, 14, 12, 19, 24, 8, 7, 8, 9, 9, 8, 7, 9]

number of outliers of same bovines:
[124, 132, 125, 140, 127, 117, 129, 126, 137, 139, 132, 127, 165, 166, 165, 164, 164, 165, 166, 164]

number of inliers of different bovines:
[8, 8, 8, 9, 11, 9, 7, 8, 7, 10, 10, 5, 7, 8, 12, 8, 8, 7, 9, 7, 8, 9, 7, 8, 7, 9, 6, 9, 8, 8, 7, 7, 6, 8, 7, 6, 9, 10, 8, 6, 9, 7, 8, 8, 9, 9, 13, 8, 7, 11, 7, 8, 8, 8, 7, 7, 7, 12, 8, 6, 6, 9, 8, 7, 8, 9, 9, 10, 7, 10, 11, 10, 8, 9, 8, 7, 9, 8, 9, 7, 7, 8, 8, 8, 8, 9, 10, 6, 7, 9, 8, 8, 7, 8, 7, 10, 10, 8, 6, 11, 8, 12, 10, 6, 7, 7, 9, 6, 11, 7, 9, 8, 7, 6, 8, 11, 6, 9, 8, 12, 7, 8, 8, 9, 8, 9, 8, 8, 7, 8, 9, 8, 11, 14, 9, 7, 8, 9, 12, 8, 14, 14, 7, 17, 11, 10, 8, 8, 7, 6, 8, 7, 7, 9, 8, 7, 8, 7, 8, 8, 9, 9, 8, 9, 8, 8, 10, 15, 8, 7, 7, 6, 9, 7, 8, 8, 8, 8, 11, 12, 9, 13, 16, 13, 9, 11, 7, 8, 7, 9, 6, 7, 12, 8, 11, 6, 7, 7, 7, 7, 10, 7, 6, 7, 8, 9, 8, 12, 13, 9, 9, 10, 6, 11, 7, 10, 8, 9, 9, 9]

number of outliers of different bovines:
[143, 143, 143, 142, 140, 142, 144, 143, 144, 141, 141, 146, 144, 143, 139, 143, 143, 144, 142, 144, 143, 142, 144, 143, 144, 142, 145, 142, 143, 143, 144, 144, 145, 143, 144, 145, 142, 141, 143, 145, 142, 144, 143, 143, 142, 142, 138, 143, 144, 140, 144, 143, 143, 143, 144, 144, 144, 139, 143, 145, 145, 142, 143, 144, 143, 142, 142, 141, 144, 141, 140, 141, 143, 142, 143, 144, 142, 143, 142, 144, 144, 143, 143, 143, 143, 142, 141, 145, 144, 142, 143, 143, 144, 143, 144, 141, 141, 143, 145, 140, 143, 139, 141, 145, 144, 144, 142, 145, 162, 166, 164, 165, 166, 167, 165, 162, 167, 164, 165, 161, 166, 165, 165, 164, 165, 164, 165, 165, 166, 165, 164, 165, 162, 159, 164, 166, 165, 164, 161, 165, 159, 159, 166, 156, 162, 163, 165, 165, 166, 167, 165, 166, 166, 164, 165, 166, 165, 166, 165, 165, 164, 164, 165, 164, 165, 165, 163, 158, 165, 166, 166, 167, 164, 166, 165, 165, 165, 165, 162, 161, 164, 160, 157, 160, 164, 162, 166, 165, 166, 164, 167, 166, 161, 165, 162, 167, 166, 166, 166, 166, 163, 166, 167, 166, 165, 164, 165, 161, 160, 164, 164, 163, 167, 162, 166, 163, 165, 164, 164, 164]

