similarity of same bovines:
[0.4715447154471545, 0.5121951219512195, 0.44715447154471544, 0.4634146341463415, 0.4715447154471545, 0.45528455284552843, 0.5153374233128835, 0.5521472392638037, 0.43558282208588955, 0.4049079754601227, 0.38414634146341464, 0.4024390243902439, 0.38414634146341464, 0.3780487804878049, 0.40853658536585363, 0.5527950310559007, 0.546583850931677, 0.37888198757763975, 0.4782608695652174, 0.5093167701863354, 0.5838509316770186, 0.36153846153846153]

similarity of different bovines:
[0.056910569105691054, 0.07317073170731707, 0.06504065040650407, 0.04065040650406504, 0.032520325203252036, 0.04065040650406504, 0.032520325203252036, 0.04065040650406504, 0.04065040650406504, 0.04878048780487805, 0.056910569105691054, 0.04878048780487805, 0.04878048780487805, 0.04065040650406504, 0.04065040650406504, 0.08130081300813008, 0.04065040650406504, 0.056910569105691054, 0.04065040650406504, 0.04878048780487805, 0.04878048780487805, 0.049079754601226995, 0.05521472392638037, 0.06134969325153374, 0.049079754601226995, 0.03680981595092025, 0.049079754601226995, 0.049079754601226995, 0.03067484662576687, 0.03680981595092025, 0.05521472392638037, 0.06134969325153374, 0.049079754601226995, 0.049079754601226995, 0.04294478527607362, 0.06134969325153374, 0.049079754601226995, 0.04294478527607362, 0.049079754601226995, 0.03680981595092025, 0.06134969325153374, 0.049079754601226995, 0.049079754601226995, 0.05521472392638037, 0.06707317073170732, 0.07926829268292683, 0.042682926829268296, 0.036585365853658534, 0.04878048780487805, 0.0975609756097561, 0.036585365853658534, 0.036585365853658534, 0.054878048780487805, 0.036585365853658534, 0.036585365853658534, 0.04878048780487805, 0.042682926829268296, 0.04878048780487805, 0.042682926829268296, 0.054878048780487805, 0.04878048780487805, 0.036585365853658534, 0.036585365853658534, 0.03048780487804878, 0.042682926829268296, 0.03048780487804878, 0.06832298136645963, 0.049689440993788817, 0.037267080745341616, 0.043478260869565216, 0.049689440993788817, 0.037267080745341616, 0.037267080745341616, 0.043478260869565216, 0.043478260869565216, 0.049689440993788817, 0.055900621118012424, 0.043478260869565216, 0.055900621118012424, 0.043478260869565216, 0.031055900621118012, 0.037267080745341616, 0.043478260869565216, 0.062111801242236024, 0.031055900621118012, 0.037267080745341616, 0.043478260869565216, 0.038461538461538464, 0.038461538461538464, 0.038461538461538464, 0.038461538461538464, 0.038461538461538464, 0.046153846153846156, 0.038461538461538464, 0.046153846153846156, 0.038461538461538464, 0.06153846153846154, 0.046153846153846156, 0.046153846153846156, 0.046153846153846156, 0.03076923076923077, 0.038461538461538464, 0.03076923076923077, 0.05384615384615385, 0.046153846153846156, 0.046153846153846156, 0.038461538461538464, 0.046153846153846156, 0.038461538461538464, 0.038461538461538464, 0.03076923076923077, 0.05384615384615385, 0.038461538461538464, 0.03875968992248062, 0.06201550387596899, 0.03875968992248062, 0.046511627906976744, 0.046511627906976744, 0.03875968992248062, 0.03875968992248062, 0.05426356589147287, 0.046511627906976744, 0.046511627906976744, 0.05426356589147287, 0.046511627906976744, 0.046511627906976744, 0.06976744186046512, 0.03875968992248062, 0.05426356589147287, 0.03875968992248062, 0.046511627906976744, 0.06201550387596899, 0.05426356589147287, 0.06201550387596899, 0.05426356589147287, 0.03875968992248062, 0.06201550387596899, 0.03875968992248062, 0.05426356589147287, 0.046511627906976744]

number of inliers of same bovines:
[58, 63, 55, 57, 58, 56, 84, 90, 71, 66, 63, 66, 63, 62, 67, 89, 88, 61, 77, 82, 94, 47]

number of outliers of same bovines:
[65, 60, 68, 66, 65, 67, 79, 73, 92, 97, 101, 98, 101, 102, 97, 72, 73, 100, 84, 79, 67, 83]

number of inliers of different bovines:
[7, 9, 8, 5, 4, 5, 4, 5, 5, 6, 7, 6, 6, 5, 5, 10, 5, 7, 5, 6, 6, 8, 9, 10, 8, 6, 8, 8, 5, 6, 9, 10, 8, 8, 7, 10, 8, 7, 8, 6, 10, 8, 8, 9, 11, 13, 7, 6, 8, 16, 6, 6, 9, 6, 6, 8, 7, 8, 7, 9, 8, 6, 6, 5, 7, 5, 11, 8, 6, 7, 8, 6, 6, 7, 7, 8, 9, 7, 9, 7, 5, 6, 7, 10, 5, 6, 7, 5, 5, 5, 5, 5, 6, 5, 6, 5, 8, 6, 6, 6, 4, 5, 4, 7, 6, 6, 5, 6, 5, 5, 4, 7, 5, 5, 8, 5, 6, 6, 5, 5, 7, 6, 6, 7, 6, 6, 9, 5, 7, 5, 6, 8, 7, 8, 7, 5, 8, 5, 7, 6]

number of outliers of different bovines:
[116, 114, 115, 118, 119, 118, 119, 118, 118, 117, 116, 117, 117, 118, 118, 113, 118, 116, 118, 117, 117, 155, 154, 153, 155, 157, 155, 155, 158, 157, 154, 153, 155, 155, 156, 153, 155, 156, 155, 157, 153, 155, 155, 154, 153, 151, 157, 158, 156, 148, 158, 158, 155, 158, 158, 156, 157, 156, 157, 155, 156, 158, 158, 159, 157, 159, 150, 153, 155, 154, 153, 155, 155, 154, 154, 153, 152, 154, 152, 154, 156, 155, 154, 151, 156, 155, 154, 125, 125, 125, 125, 125, 124, 125, 124, 125, 122, 124, 124, 124, 126, 125, 126, 123, 124, 124, 125, 124, 125, 125, 126, 123, 125, 124, 121, 124, 123, 123, 124, 124, 122, 123, 123, 122, 123, 123, 120, 124, 122, 124, 123, 121, 122, 121, 122, 124, 121, 124, 122, 123]

