similarity of same bovines:
[0.5, 0.4418604651162791, 0.42441860465116277, 0.38953488372093026, 0.4503311258278146, 0.48344370860927155, 0.4370860927152318, 0.3443708609271523, 0.4768211920529801, 0.5231788079470199, 0.55, 0.54375, 0.4375, 0.3875, 0.4375, 0.5125, 0.52, 0.37333333333333335, 0.43333333333333335, 0.44, 0.46, 0.36153846153846153]

similarity of different bovines:
[0.0755813953488372, 0.05813953488372093, 0.08139534883720931, 0.046511627906976744, 0.03488372093023256, 0.03488372093023256, 0.046511627906976744, 0.040697674418604654, 0.03488372093023256, 0.040697674418604654, 0.05813953488372093, 0.06395348837209303, 0.046511627906976744, 0.05813953488372093, 0.05813953488372093, 0.06395348837209303, 0.06395348837209303, 0.05813953488372093, 0.05232558139534884, 0.06395348837209303, 0.05813953488372093, 0.05813953488372093, 0.05813953488372093, 0.0728476821192053, 0.059602649006622516, 0.052980132450331126, 0.046357615894039736, 0.046357615894039736, 0.039735099337748346, 0.039735099337748346, 0.046357615894039736, 0.046357615894039736, 0.046357615894039736, 0.052980132450331126, 0.046357615894039736, 0.046357615894039736, 0.052980132450331126, 0.039735099337748346, 0.059602649006622516, 0.046357615894039736, 0.052980132450331126, 0.052980132450331126, 0.039735099337748346, 0.052980132450331126, 0.08125, 0.075, 0.0625, 0.05, 0.0625, 0.08125, 0.075, 0.08125, 0.06875, 0.075, 0.06875, 0.0625, 0.0625, 0.05, 0.0625, 0.05, 0.0625, 0.04375, 0.05, 0.0375, 0.05625, 0.05333333333333334, 0.08666666666666667, 0.06666666666666667, 0.04, 0.05333333333333334, 0.06, 0.03333333333333333, 0.04666666666666667, 0.05333333333333334, 0.03333333333333333, 0.06666666666666667, 0.05333333333333334, 0.04666666666666667, 0.05333333333333334, 0.07333333333333333, 0.05333333333333334, 0.06, 0.05333333333333334, 0.06, 0.05333333333333334, 0.05333333333333334, 0.05333333333333334, 0.06153846153846154, 0.046153846153846156, 0.046153846153846156, 0.05384615384615385, 0.05384615384615385, 0.05384615384615385, 0.05384615384615385, 0.046153846153846156, 0.038461538461538464, 0.06153846153846154, 0.05384615384615385, 0.05384615384615385, 0.07692307692307693, 0.046153846153846156, 0.046153846153846156, 0.046153846153846156, 0.05384615384615385, 0.046153846153846156, 0.05384615384615385, 0.038461538461538464, 0.05384615384615385, 0.05384615384615385, 0.07692307692307693, 0.05384615384615385, 0.06923076923076923, 0.046153846153846156, 0.05426356589147287, 0.05426356589147287, 0.05426356589147287, 0.06201550387596899, 0.06976744186046512, 0.05426356589147287, 0.05426356589147287, 0.07751937984496124, 0.06201550387596899, 0.06201550387596899, 0.05426356589147287, 0.05426356589147287, 0.06201550387596899, 0.05426356589147287, 0.05426356589147287, 0.06976744186046512, 0.03875968992248062, 0.06201550387596899, 0.05426356589147287, 0.06201550387596899, 0.06976744186046512, 0.03875968992248062, 0.03875968992248062, 0.07751937984496124, 0.05426356589147287, 0.05426356589147287, 0.046511627906976744]

number of inliers of same bovines:
[86, 76, 73, 67, 68, 73, 66, 52, 72, 79, 88, 87, 70, 62, 70, 82, 78, 56, 65, 66, 69, 47]

number of outliers of same bovines:
[86, 96, 99, 105, 83, 78, 85, 99, 79, 72, 72, 73, 90, 98, 90, 78, 72, 94, 85, 84, 81, 83]

number of inliers of different bovines:
[13, 10, 14, 8, 6, 6, 8, 7, 6, 7, 10, 11, 8, 10, 10, 11, 11, 10, 9, 11, 10, 10, 10, 11, 9, 8, 7, 7, 6, 6, 7, 7, 7, 8, 7, 7, 8, 6, 9, 7, 8, 8, 6, 8, 13, 12, 10, 8, 10, 13, 12, 13, 11, 12, 11, 10, 10, 8, 10, 8, 10, 7, 8, 6, 9, 8, 13, 10, 6, 8, 9, 5, 7, 8, 5, 10, 8, 7, 8, 11, 8, 9, 8, 9, 8, 8, 8, 8, 6, 6, 7, 7, 7, 7, 6, 5, 8, 7, 7, 10, 6, 6, 6, 7, 6, 7, 5, 7, 7, 10, 7, 9, 6, 7, 7, 7, 8, 9, 7, 7, 10, 8, 8, 7, 7, 8, 7, 7, 9, 5, 8, 7, 8, 9, 5, 5, 10, 7, 7, 6]

number of outliers of different bovines:
[159, 162, 158, 164, 166, 166, 164, 165, 166, 165, 162, 161, 164, 162, 162, 161, 161, 162, 163, 161, 162, 162, 162, 140, 142, 143, 144, 144, 145, 145, 144, 144, 144, 143, 144, 144, 143, 145, 142, 144, 143, 143, 145, 143, 147, 148, 150, 152, 150, 147, 148, 147, 149, 148, 149, 150, 150, 152, 150, 152, 150, 153, 152, 154, 151, 142, 137, 140, 144, 142, 141, 145, 143, 142, 145, 140, 142, 143, 142, 139, 142, 141, 142, 141, 142, 142, 142, 122, 124, 124, 123, 123, 123, 123, 124, 125, 122, 123, 123, 120, 124, 124, 124, 123, 124, 123, 125, 123, 123, 120, 123, 121, 124, 122, 122, 122, 121, 120, 122, 122, 119, 121, 121, 122, 122, 121, 122, 122, 120, 124, 121, 122, 121, 120, 124, 124, 119, 122, 122, 123]

