similarity of same bovines:
[0.14130434782608695, 0.03468208092485549, 0.03468208092485549]

similarity of different bovines:
[0.03260869565217391, 0.03260869565217391, 0.03496503496503497, 0.03496503496503497, 0.04895104895104895, 0.05913978494623656, 0.03225806451612903, 0.03763440860215054, 0.028901734104046242, 0.02843601895734597, 0.02843601895734597, 0.061611374407582936, 0.041176470588235294, 0.03529411764705882, 0.052941176470588235, 0.04093567251461988, 0.03508771929824561, 0.04093567251461988, 0.029585798816568046, 0.05325443786982249, 0.029585798816568046, 0.03608247422680412, 0.041237113402061855, 0.02577319587628866, 0.047337278106508875, 0.04142011834319527, 0.03550295857988166, 0.04, 0.045714285714285714, 0.03428571428571429, 0.045454545454545456, 0.03896103896103896, 0.08441558441558442, 0.032467532467532464, 0.045454545454545456, 0.03896103896103896, 0.0364963503649635, 0.0364963503649635, 0.051094890510948905, 0.04678362573099415, 0.04093567251461988, 0.04678362573099415, 0.06474820143884892, 0.050359712230215826, 0.050359712230215826, 0.038461538461538464, 0.027472527472527472, 0.03296703296703297]

number of inliers of same bovines:
[26, 6, 6]

number of outliers of same bovines:
[158, 167, 167]

number of inliers of different bovines:
[6, 6, 5, 5, 7, 11, 6, 7, 5, 6, 6, 13, 7, 6, 9, 7, 6, 7, 5, 9, 5, 7, 8, 5, 8, 7, 6, 7, 8, 6, 7, 6, 13, 5, 7, 6, 5, 5, 7, 8, 7, 8, 9, 7, 7, 7, 5, 6]

number of outliers of different bovines:
[178, 178, 138, 138, 136, 175, 180, 179, 168, 205, 205, 198, 163, 164, 161, 164, 165, 164, 164, 160, 164, 187, 186, 189, 161, 162, 163, 168, 167, 169, 147, 148, 141, 149, 147, 148, 132, 132, 130, 163, 164, 163, 130, 132, 132, 175, 177, 176]

