similarity of same bovines:
[0.052980132450331126, 0.09933774834437085, 0.152317880794702, 0.10596026490066225, 0.1456953642384106, 0.2119205298013245, 0.13245033112582782, 0.16556291390728478, 0.059602649006622516, 0.08609271523178808, 0.13245033112582782, 0.13245033112582782, 0.04046242774566474, 0.03468208092485549, 0.04046242774566474, 0.04046242774566474, 0.04046242774566474, 0.03468208092485549, 0.03468208092485549, 0.03468208092485549]

similarity of different bovines:
[0.039735099337748346, 0.039735099337748346, 0.052980132450331126, 0.039735099337748346, 0.059602649006622516, 0.052980132450331126, 0.046357615894039736, 0.052980132450331126, 0.052980132450331126, 0.046357615894039736, 0.052980132450331126, 0.033112582781456956, 0.033112582781456956, 0.033112582781456956, 0.052980132450331126, 0.059602649006622516, 0.039735099337748346, 0.039735099337748346, 0.033112582781456956, 0.033112582781456956, 0.046357615894039736, 0.039735099337748346, 0.039735099337748346, 0.033112582781456956, 0.039735099337748346, 0.039735099337748346, 0.039735099337748346, 0.052980132450331126, 0.052980132450331126, 0.046357615894039736, 0.033112582781456956, 0.039735099337748346, 0.046357615894039736, 0.039735099337748346, 0.046357615894039736, 0.033112582781456956, 0.039735099337748346, 0.033112582781456956, 0.033112582781456956, 0.039735099337748346, 0.039735099337748346, 0.052980132450331126, 0.039735099337748346, 0.039735099337748346, 0.033112582781456956, 0.026490066225165563, 0.08609271523178808, 0.046357615894039736, 0.059602649006622516, 0.039735099337748346, 0.033112582781456956, 0.059602649006622516, 0.039735099337748346, 0.052980132450331126, 0.046357615894039736, 0.039735099337748346, 0.026490066225165563, 0.059602649006622516, 0.039735099337748346, 0.033112582781456956, 0.046357615894039736, 0.033112582781456956, 0.039735099337748346, 0.046357615894039736, 0.033112582781456956, 0.052980132450331126, 0.039735099337748346, 0.046357615894039736, 0.046357615894039736, 0.039735099337748346, 0.059602649006622516, 0.059602649006622516, 0.059602649006622516, 0.052980132450331126, 0.033112582781456956, 0.052980132450331126, 0.046357615894039736, 0.046357615894039736, 0.052980132450331126, 0.039735099337748346, 0.039735099337748346, 0.046357615894039736, 0.046357615894039736, 0.033112582781456956, 0.039735099337748346, 0.046357615894039736, 0.06622516556291391, 0.046357615894039736, 0.046357615894039736, 0.039735099337748346, 0.033112582781456956, 0.046357615894039736, 0.052980132450331126, 0.033112582781456956, 0.052980132450331126, 0.052980132450331126, 0.059602649006622516, 0.039735099337748346, 0.039735099337748346, 0.052980132450331126, 0.046357615894039736, 0.046357615894039736, 0.039735099337748346, 0.039735099337748346, 0.039735099337748346, 0.046357615894039736, 0.039735099337748346, 0.039735099337748346, 0.046242774566473986, 0.028901734104046242, 0.046242774566473986, 0.04046242774566474, 0.023121387283236993, 0.03468208092485549, 0.028901734104046242, 0.04046242774566474, 0.04046242774566474, 0.05202312138728324, 0.046242774566473986, 0.05202312138728324, 0.04046242774566474, 0.03468208092485549, 0.04046242774566474, 0.04046242774566474, 0.03468208092485549, 0.03468208092485549, 0.028901734104046242, 0.04046242774566474, 0.04046242774566474, 0.04046242774566474, 0.04046242774566474, 0.046242774566473986, 0.046242774566473986, 0.046242774566473986, 0.04046242774566474, 0.028901734104046242, 0.04046242774566474, 0.03468208092485549, 0.04046242774566474, 0.057803468208092484, 0.09826589595375723, 0.06358381502890173, 0.03468208092485549, 0.03468208092485549, 0.04046242774566474, 0.04046242774566474, 0.04046242774566474, 0.03468208092485549, 0.057803468208092484, 0.03468208092485549, 0.03468208092485549, 0.028901734104046242, 0.03468208092485549, 0.04046242774566474, 0.04046242774566474, 0.03468208092485549, 0.04046242774566474, 0.03468208092485549, 0.03468208092485549, 0.03468208092485549, 0.03468208092485549, 0.03468208092485549, 0.03468208092485549, 0.028901734104046242, 0.028901734104046242, 0.03468208092485549, 0.046242774566473986, 0.05202312138728324, 0.04046242774566474, 0.03468208092485549, 0.04046242774566474, 0.03468208092485549, 0.03468208092485549, 0.05202312138728324, 0.03468208092485549, 0.05202312138728324, 0.03468208092485549, 0.06358381502890173, 0.028901734104046242, 0.04046242774566474, 0.04046242774566474, 0.046242774566473986, 0.05202312138728324, 0.046242774566473986, 0.046242774566473986, 0.04046242774566474, 0.03468208092485549, 0.04046242774566474, 0.03468208092485549, 0.03468208092485549, 0.023121387283236993, 0.03468208092485549, 0.04046242774566474, 0.04046242774566474, 0.03468208092485549, 0.028901734104046242, 0.03468208092485549, 0.04046242774566474, 0.046242774566473986, 0.04046242774566474, 0.046242774566473986, 0.03468208092485549, 0.023121387283236993, 0.04046242774566474, 0.04046242774566474, 0.046242774566473986, 0.04046242774566474, 0.04046242774566474, 0.057803468208092484, 0.06936416184971098, 0.04046242774566474, 0.04046242774566474, 0.04046242774566474, 0.03468208092485549, 0.028901734104046242, 0.03468208092485549, 0.04046242774566474, 0.04046242774566474, 0.046242774566473986, 0.04046242774566474]

number of inliers of same bovines:
[8, 15, 23, 16, 22, 32, 20, 25, 9, 13, 20, 20, 7, 6, 7, 7, 7, 6, 6, 6]

number of outliers of same bovines:
[143, 136, 128, 135, 129, 119, 131, 126, 142, 138, 131, 131, 166, 167, 166, 166, 166, 167, 167, 167]

number of inliers of different bovines:
[6, 6, 8, 6, 9, 8, 7, 8, 8, 7, 8, 5, 5, 5, 8, 9, 6, 6, 5, 5, 7, 6, 6, 5, 6, 6, 6, 8, 8, 7, 5, 6, 7, 6, 7, 5, 6, 5, 5, 6, 6, 8, 6, 6, 5, 4, 13, 7, 9, 6, 5, 9, 6, 8, 7, 6, 4, 9, 6, 5, 7, 5, 6, 7, 5, 8, 6, 7, 7, 6, 9, 9, 9, 8, 5, 8, 7, 7, 8, 6, 6, 7, 7, 5, 6, 7, 10, 7, 7, 6, 5, 7, 8, 5, 8, 8, 9, 6, 6, 8, 7, 7, 6, 6, 6, 7, 6, 6, 8, 5, 8, 7, 4, 6, 5, 7, 7, 9, 8, 9, 7, 6, 7, 7, 6, 6, 5, 7, 7, 7, 7, 8, 8, 8, 7, 5, 7, 6, 7, 10, 17, 11, 6, 6, 7, 7, 7, 6, 10, 6, 6, 5, 6, 7, 7, 6, 7, 6, 6, 6, 6, 6, 6, 5, 5, 6, 8, 9, 7, 6, 7, 6, 6, 9, 6, 9, 6, 11, 5, 7, 7, 8, 9, 8, 8, 7, 6, 7, 6, 6, 4, 6, 7, 7, 6, 5, 6, 7, 8, 7, 8, 6, 4, 7, 7, 8, 7, 7, 10, 12, 7, 7, 7, 6, 5, 6, 7, 7, 8, 7]

number of outliers of different bovines:
[145, 145, 143, 145, 142, 143, 144, 143, 143, 144, 143, 146, 146, 146, 143, 142, 145, 145, 146, 146, 144, 145, 145, 146, 145, 145, 145, 143, 143, 144, 146, 145, 144, 145, 144, 146, 145, 146, 146, 145, 145, 143, 145, 145, 146, 147, 138, 144, 142, 145, 146, 142, 145, 143, 144, 145, 147, 142, 145, 146, 144, 146, 145, 144, 146, 143, 145, 144, 144, 145, 142, 142, 142, 143, 146, 143, 144, 144, 143, 145, 145, 144, 144, 146, 145, 144, 141, 144, 144, 145, 146, 144, 143, 146, 143, 143, 142, 145, 145, 143, 144, 144, 145, 145, 145, 144, 145, 145, 165, 168, 165, 166, 169, 167, 168, 166, 166, 164, 165, 164, 166, 167, 166, 166, 167, 167, 168, 166, 166, 166, 166, 165, 165, 165, 166, 168, 166, 167, 166, 163, 156, 162, 167, 167, 166, 166, 166, 167, 163, 167, 167, 168, 167, 166, 166, 167, 166, 167, 167, 167, 167, 167, 167, 168, 168, 167, 165, 164, 166, 167, 166, 167, 167, 164, 167, 164, 167, 162, 168, 166, 166, 165, 164, 165, 165, 166, 167, 166, 167, 167, 169, 167, 166, 166, 167, 168, 167, 166, 165, 166, 165, 167, 169, 166, 166, 165, 166, 166, 163, 161, 166, 166, 166, 167, 168, 167, 166, 166, 165, 166]

